timestamp,symbol,price
2022-11-02 09:00:00,AAPL,574.6392918438
2022-11-02 09:00:00,ABBV,146.27
2022-11-02 09:00:00,ABNB,101.775
2022-11-02 09:00:00,ADBE,314.0
2022-11-02 09:00:00,ADI,146.09
2022-11-02 09:00:00,AEP,88.57
2022-11-02 09:00:00,AFRM,19.15
2022-11-02 09:00:00,AIG,58.48
2022-11-02 09:00:00,ALL,125.85
2022-11-02 09:00:00,AMAT,91.64
2022-11-02 09:00:00,AMC,1.5827998957
2022-11-02 09:00:00,AMD,62.5727
2022-11-02 09:00:00,AMGN,271.35
2022-11-02 09:00:00,AMP,314.88
2022-11-02 09:00:00,AMT,204.025
2022-11-02 09:00:00,AMZN,1890.5814396344
2022-11-02 09:00:00,APA,44.3
2022-11-02 09:00:00,ARE,143.43
2022-11-02 09:00:00,ASML,469.03
2022-11-02 09:00:00,AVB,173.39
2022-11-02 09:00:00,AVGO,469.845
2022-11-02 09:00:00,AWK,140.79
2022-11-02 09:00:00,AXP,147.03
2022-11-02 09:00:00,BA,142.32
2022-11-02 09:00:00,BAC,36.1371
2022-11-02 09:00:00,BB,4.59
2022-11-02 09:00:00,BEN,23.08
2022-11-02 09:00:00,BIIB,280.16
2022-11-02 09:00:00,BK,42.54
2022-11-02 09:00:00,BKR,28.13
2022-11-02 09:00:00,BLK,650.22
2022-11-02 09:00:00,BMY,77.81
2022-11-02 09:00:00,C,46.2512
2022-11-02 09:00:00,CAG,35.95
2022-11-02 09:00:00,CAT,217.26
2022-11-02 09:00:00,CB,213.385
2022-11-02 09:00:00,CCI,129.83
2022-11-02 09:00:00,CFG,40.59
2022-11-02 09:00:00,CHD,72.495
2022-11-02 09:00:00,CI,325.515
2022-11-02 09:00:00,CINF,99.2
2022-11-02 09:00:00,CL,73.19
2022-11-02 09:00:00,CLOV,1.525
2022-11-02 09:00:00,CLX,140.44
2022-11-02 09:00:00,CMCSA,31.565
2022-11-02 09:00:00,CME,172.65
2022-11-02 09:00:00,CMI,245.78
2022-11-02 09:00:00,COF,106.38
2022-11-02 09:00:00,COIN,63.7605
2022-11-02 09:00:00,COP,126.65
2022-11-02 09:00:00,COST,494.465
2022-11-02 09:00:00,CPB,52.25
2022-11-02 09:00:00,CRM,156.5
2022-11-02 09:00:00,CRWD,156.5
2022-11-02 09:00:00,CSCO,45.26
2022-11-02 09:00:00,CSX,87.7844043093
2022-11-02 09:00:00,CTRA,30.68
2022-11-02 09:00:00,CVS,98.0
2022-11-02 09:00:00,CVX,179.02
2022-11-02 09:00:00,D,69.53
2022-11-02 09:00:00,DDOG,77.37
2022-11-02 09:00:00,DE,390.07
2022-11-02 09:00:00,DIS,104.68
2022-11-02 09:00:00,DKNG,16.75
2022-11-02 09:00:00,DLR,96.24
2022-11-02 09:00:00,DOCU,46.8352
2022-11-02 09:00:00,DUK,93.47
2022-11-02 09:00:00,DVN,71.5
2022-11-02 09:00:00,ED,88.36
2022-11-02 09:00:00,EMR,85.62
2022-11-02 09:00:00,EOG,135.83
2022-11-02 09:00:00,EQR,62.73
2022-11-02 09:00:00,EQT,40.7
2022-11-02 09:00:00,ESS,219.23
2022-11-02 09:00:00,ETN,153.22
2022-11-02 09:00:00,EWBC,71.6
2022-11-02 09:00:00,FANG,155.04
2022-11-02 09:00:00,FDX,156.925
2022-11-02 09:00:00,FHN,24.385
2022-11-02 09:00:00,FITB,35.71
2022-11-02 09:00:00,GD,249.18
2022-11-02 09:00:00,GE,10.0446590457
2022-11-02 09:00:00,GILD,79.02
2022-11-02 09:00:00,GIS,79.14
2022-11-02 09:00:00,GME,122.2377295492
2022-11-02 09:00:00,GOOGL,1849.0460435622
2022-11-02 09:00:00,GS,349.93
2022-11-02 09:00:00,HAL,35.86
2022-11-02 09:00:00,HBAN,15.265
2022-11-02 09:00:00,HIG,73.32
2022-11-02 09:00:00,HON,202.2
2022-11-02 09:00:00,HOOD,11.655
2022-11-02 09:00:00,HRL,46.37
2022-11-02 09:00:00,HSY,236.09
2022-11-02 09:00:00,HUM,557.9797
2022-11-02 09:00:00,IBM,137.57
2022-11-02 09:00:00,ICE,468.7071407158
2022-11-02 09:00:00,INTC,28.525
2022-11-02 09:00:00,ITW,212.5
2022-11-02 09:00:00,IVZ,15.67
2022-11-02 09:00:00,JNJ,171.54
2022-11-02 09:00:00,JPM,128.23
2022-11-02 09:00:00,KEY,18.215
2022-11-02 09:00:00,KHC,38.225
2022-11-02 09:00:00,KLAC,322.625
2022-11-02 09:00:00,KMB,122.72
2022-11-02 09:00:00,KMI,18.175
2022-11-02 09:00:00,KO,59.375
2022-11-02 09:00:00,LCID,13.65
2022-11-02 09:00:00,LLY,358.45
2022-11-02 09:00:00,LMT,485.2932
2022-11-02 09:00:00,LNC,53.64
2022-11-02 09:00:00,LRCX,415.71
2022-11-02 09:00:00,LW,86.365
2022-11-02 09:00:00,MA,330.19
2022-11-02 09:00:00,MAA,155.89
2022-11-02 09:00:00,MARA,0.2036430583
2022-11-02 09:00:00,MCD,272.28
2022-11-02 09:00:00,MCHP,62.78
2022-11-02 09:00:00,MCO,259.58
2022-11-02 09:00:00,MDB,174.085
2022-11-02 09:00:00,MDLZ,62.69
2022-11-02 09:00:00,MET,74.62
2022-11-02 09:00:00,META,93.395
2022-11-02 09:00:00,MKC,77.85
2022-11-02 09:00:00,MMM,125.16
2022-11-02 09:00:00,MO,45.5
2022-11-02 09:00:00,MPC,116.4078
2022-11-02 09:00:00,MRK,99.68
2022-11-02 09:00:00,MRVL,41.585
2022-11-02 09:00:00,MS,83.925
2022-11-02 09:00:00,MSCI,466.09
2022-11-02 09:00:00,MSFT,226.475
2022-11-02 09:00:00,MTB,166.655
2022-11-02 09:00:00,MU,55.27
2022-11-02 09:00:00,NDAQ,187.3289867337
2022-11-02 09:00:00,NEE,308.9202626023
2022-11-02 09:00:00,NET,53.45
2022-11-02 09:00:00,NFLX,281.605
2022-11-02 09:00:00,NOC,535.21
2022-11-02 09:00:00,NOK,4.3814
2022-11-02 09:00:00,NSC,227.955
2022-11-02 09:00:00,NVDA,566.383966
2022-11-02 09:00:00,NXPI,153.27
2022-11-02 09:00:00,O,61.76
2022-11-02 09:00:00,OKTA,53.78
2022-11-02 09:00:00,ON,61.94
2022-11-02 09:00:00,OPEN,2.405
2022-11-02 09:00:00,ORCL,76.47
2022-11-02 09:00:00,OXY,71.71
2022-11-02 09:00:00,PANW,506.0543359332
2022-11-02 09:00:00,PATH,12.04
2022-11-02 09:00:00,PEG,56.33
2022-11-02 09:00:00,PEP,180.06
2022-11-02 09:00:00,PFE,47.815
2022-11-02 09:00:00,PFG,88.48
2022-11-02 09:00:00,PG,133.9
2022-11-02 09:00:00,PH,287.7
2022-11-02 09:00:00,PLTR,8.655
2022-11-02 09:00:00,PM,91.25
2022-11-02 09:00:00,PNC,161.18
2022-11-02 09:00:00,PRU,107.8516
2022-11-02 09:00:00,PSA,291.43
2022-11-02 09:00:00,PSX,105.08
2022-11-02 09:00:00,PYPL,82.53
2022-11-02 09:00:00,QCOM,117.6
2022-11-02 09:00:00,REGN,745.01
2022-11-02 09:00:00,RF,22.35
2022-11-02 09:00:00,RIOT,0.7132777778
2022-11-02 09:00:00,RIVN,33.0
2022-11-02 09:00:00,ROKU,55.34
2022-11-02 09:00:00,RTX,95.23
2022-11-02 09:00:00,SCHW,79.79
2022-11-02 09:00:00,SHOP,378.3180969697
2022-11-02 09:00:00,SJM,148.99
2022-11-02 09:00:00,SLB,50.775
2022-11-02 09:00:00,SNOW,14.7545415626
2022-11-02 09:00:00,SO,65.46
2022-11-02 09:00:00,SOFI,5.57
2022-11-02 09:00:00,SPCE,4.7366
2022-11-02 09:00:00,SPG,114.645
2022-11-02 09:00:00,SPGI,313.135
2022-11-02 09:00:00,SPLK,82.18
2022-11-02 09:00:00,SQ,59.04
2022-11-02 09:00:00,STM,31.395
2022-11-02 09:00:00,STT,75.16
2022-11-02 09:00:00,SYY,82.89
2022-11-02 09:00:00,T,18.38
2022-11-02 09:00:00,TAP,49.48
2022-11-02 09:00:00,TEAM,182.33
2022-11-02 09:00:00,TFC,44.465
2022-11-02 09:00:00,TROW,106.21
2022-11-02 09:00:00,TRV,183.01
2022-11-02 09:00:00,TSLA,3025.6537115327
2022-11-02 09:00:00,TSN,67.77
2022-11-02 09:00:00,TWLO,73.84
2022-11-02 09:00:00,TXN,163.42
2022-11-02 09:00:00,UBER,29.8
2022-11-02 09:00:00,UNH,546.405
2022-11-02 09:00:00,UNP,195.73
2022-11-02 09:00:00,UPS,165.5942
2022-11-02 09:00:00,UPST,21.65
2022-11-02 09:00:00,USB,42.845
2022-11-02 09:00:00,V,205.245
2022-11-02 09:00:00,VLO,125.89
2022-11-02 09:00:00,VRTX,311.535
2022-11-02 09:00:00,VTR,38.47
2022-11-02 09:00:00,VZ,37.32
2022-11-02 09:00:00,WAL,67.41
2022-11-02 09:00:00,WEC,91.54
2022-11-02 09:00:00,WELL,60.09
2022-11-02 09:00:00,WFC,46.985
2022-11-02 09:00:00,WM,156.075
2022-11-02 09:00:00,WMB,33.19
2022-11-02 09:00:00,WMT,141.11
2022-11-02 09:00:00,WRB,74.33
2022-11-02 09:00:00,XEL,66.0
2022-11-02 09:00:00,XOM,109.74
2022-11-02 09:00:00,ZION,51.1
2022-11-02 09:00:00,ZM,82.38
2022-11-02 09:00:00,ZS,147.4639
2022-11-02 09:00:00,ZTS,150.6
2022-11-02 10:00:00,AAPL,577.0355546966
2022-11-02 10:00:00,ABBV,146.32
2022-11-02 10:00:00,ABNB,99.08
2022-11-02 10:00:00,ADBE,312.2
2022-11-02 10:00:00,ADI,146.265
2022-11-02 10:00:00,AEP,88.85
2022-11-02 10:00:00,AFRM,18.975
2022-11-02 10:00:00,AIG,57.54
2022-11-02 10:00:00,ALL,125.94
2022-11-02 10:00:00,AMAT,91.37
2022-11-02 10:00:00,AMC,1.5531062598
2022-11-02 10:00:00,AMD,61.35
2022-11-02 10:00:00,AMGN,271.69
2022-11-02 10:00:00,AMP,313.86
2022-11-02 10:00:00,AMT,206.37
2022-11-02 10:00:00,AMZN,1877.4886075036
2022-11-02 10:00:00,APA,45.07
2022-11-02 10:00:00,ARE,145.13
2022-11-02 10:00:00,ASML,468.94
2022-11-02 10:00:00,AVB,174.93
2022-11-02 10:00:00,AVGO,469.86
2022-11-02 10:00:00,AWK,141.0
2022-11-02 10:00:00,AXP,146.43
2022-11-02 10:00:00,BA,143.8
2022-11-02 10:00:00,BAC,36.165
2022-11-02 10:00:00,BB,4.525
2022-11-02 10:00:00,BEN,22.59
2022-11-02 10:00:00,BIIB,282.57
2022-11-02 10:00:00,BK,42.48
2022-11-02 10:00:00,BKR,28.35
2022-11-02 10:00:00,BLK,652.08
2022-11-02 10:00:00,BMY,78.0806
2022-11-02 10:00:00,C,46.2
2022-11-02 10:00:00,CAG,36.105
2022-11-02 10:00:00,CAT,217.99
2022-11-02 10:00:00,CB,214.06
2022-11-02 10:00:00,CCI,131.21
2022-11-02 10:00:00,CFG,40.57
2022-11-02 10:00:00,CHD,72.27
2022-11-02 10:00:00,CI,326.905
2022-11-02 10:00:00,CINF,100.01
2022-11-02 10:00:00,CL,73.03
2022-11-02 10:00:00,CLOV,1.52
2022-11-02 10:00:00,CLX,137.36
2022-11-02 10:00:00,CMCSA,31.4808
2022-11-02 10:00:00,CME,173.0
2022-11-02 10:00:00,CMI,245.81
2022-11-02 10:00:00,COF,105.785
2022-11-02 10:00:00,COIN,64.505
2022-11-02 10:00:00,COP,127.43
2022-11-02 10:00:00,COST,492.15
2022-11-02 10:00:00,CPB,52.34
2022-11-02 10:00:00,CRM,155.22
2022-11-02 10:00:00,CRWD,153.59
2022-11-02 10:00:00,CSCO,45.54
2022-11-02 10:00:00,CSX,88.0864321926
2022-11-02 10:00:00,CTRA,31.115
2022-11-02 10:00:00,CVS,98.965
2022-11-02 10:00:00,CVX,180.55
2022-11-02 10:00:00,D,69.795
2022-11-02 10:00:00,DDOG,76.3608
2022-11-02 10:00:00,DE,390.785
2022-11-02 10:00:00,DIS,103.98
2022-11-02 10:00:00,DKNG,16.975
2022-11-02 10:00:00,DLR,97.58
2022-11-02 10:00:00,DOCU,46.08
2022-11-02 10:00:00,DUK,93.74
2022-11-02 10:00:00,DVN,71.31
2022-11-02 10:00:00,ED,88.69
2022-11-02 10:00:00,EMR,86.29
2022-11-02 10:00:00,EOG,136.54
2022-11-02 10:00:00,EQR,63.15
2022-11-02 10:00:00,EQT,40.76
2022-11-02 10:00:00,ESS,221.21
2022-11-02 10:00:00,ETN,154.22
2022-11-02 10:00:00,EWBC,71.31
2022-11-02 10:00:00,FANG,155.465
2022-11-02 10:00:00,FDX,157.595
2022-11-02 10:00:00,FHN,24.365
2022-11-02 10:00:00,FITB,35.57
2022-11-02 10:00:00,GD,249.34
2022-11-02 10:00:00,GE,10.0511053678
2022-11-02 10:00:00,GILD,79.202
2022-11-02 10:00:00,GIS,79.065
2022-11-02 10:00:00,GME,120.256427379
2022-11-02 10:00:00,GOOGL,1842.5758202371
2022-11-02 10:00:00,GS,349.7
2022-11-02 10:00:00,HAL,36.33
2022-11-02 10:00:00,HBAN,15.23
2022-11-02 10:00:00,HIG,72.836
2022-11-02 10:00:00,HON,202.93
2022-11-02 10:00:00,HOOD,11.775
2022-11-02 10:00:00,HRL,46.405
2022-11-02 10:00:00,HSY,236.06
2022-11-02 10:00:00,HUM,558.26
2022-11-02 10:00:00,IBM,138.13
2022-11-02 10:00:00,ICE,469.9189226157
2022-11-02 10:00:00,INTC,28.39
2022-11-02 10:00:00,ITW,213.51
2022-11-02 10:00:00,IVZ,15.535
2022-11-02 10:00:00,JNJ,171.285
2022-11-02 10:00:00,JPM,127.7
2022-11-02 10:00:00,KEY,18.1562
2022-11-02 10:00:00,KHC,38.4
2022-11-02 10:00:00,KLAC,322.33
2022-11-02 10:00:00,KMB,122.52
2022-11-02 10:00:00,KMI,18.195
2022-11-02 10:00:00,KO,59.39
2022-11-02 10:00:00,LCID,13.625
2022-11-02 10:00:00,LLY,358.745
2022-11-02 10:00:00,LMT,484.68
2022-11-02 10:00:00,LNC,53.34
2022-11-02 10:00:00,LRCX,414.05
2022-11-02 10:00:00,LW,86.76
2022-11-02 10:00:00,MA,328.41
2022-11-02 10:00:00,MAA,156.9
2022-11-02 10:00:00,MARA,0.2032205623
2022-11-02 10:00:00,MCD,273.765
2022-11-02 10:00:00,MCHP,62.99
2022-11-02 10:00:00,MCO,260.19
2022-11-02 10:00:00,MDB,172.02
2022-11-02 10:00:00,MDLZ,62.47
2022-11-02 10:00:00,MET,74.26
2022-11-02 10:00:00,META,92.9586
2022-11-02 10:00:00,MKC,78.29
2022-11-02 10:00:00,MMM,125.3268
2022-11-02 10:00:00,MO,45.3
2022-11-02 10:00:00,MPC,116.54
2022-11-02 10:00:00,MRK,99.6
2022-11-02 10:00:00,MRVL,41.14
2022-11-02 10:00:00,MS,84.09
2022-11-02 10:00:00,MSCI,469.065
2022-11-02 10:00:00,MSFT,226.42
2022-11-02 10:00:00,MTB,166.51
2022-11-02 10:00:00,MU,55.55
2022-11-02 10:00:00,NDAQ,188.8251934673
2022-11-02 10:00:00,NEE,309.9985880179
2022-11-02 10:00:00,NET,51.995
2022-11-02 10:00:00,NFLX,281.805
2022-11-02 10:00:00,NOC,535.33
2022-11-02 10:00:00,NOK,4.4
2022-11-02 10:00:00,NSC,229.27
2022-11-02 10:00:00,NVDA,564.3326193548
2022-11-02 10:00:00,NXPI,154.03
2022-11-02 10:00:00,O,61.5019
2022-11-02 10:00:00,OKTA,53.31
2022-11-02 10:00:00,ON,62.285
2022-11-02 10:00:00,OPEN,2.39
2022-11-02 10:00:00,ORCL,76.55
2022-11-02 10:00:00,OXY,71.74
2022-11-02 10:00:00,PANW,502.1501307261
2022-11-02 10:00:00,PATH,11.92
2022-11-02 10:00:00,PEG,56.455
2022-11-02 10:00:00,PEP,180.045
2022-11-02 10:00:00,PFE,47.2014
2022-11-02 10:00:00,PFG,87.72
2022-11-02 10:00:00,PG,133.89
2022-11-02 10:00:00,PH,289.465
2022-11-02 10:00:00,PLTR,8.565
2022-11-02 10:00:00,PM,90.37
2022-11-02 10:00:00,PNC,161.26
2022-11-02 10:00:00,PRU,107.7
2022-11-02 10:00:00,PSA,290.045
2022-11-02 10:00:00,PSX,104.89
2022-11-02 10:00:00,PYPL,82.0
2022-11-02 10:00:00,QCOM,117.34
2022-11-02 10:00:00,REGN,748.37
2022-11-02 10:00:00,RF,22.3
2022-11-02 10:00:00,RIOT,0.7072222222
2022-11-02 10:00:00,RIVN,32.89
2022-11-02 10:00:00,ROKU,56.13
2022-11-02 10:00:00,RTX,95.395
2022-11-02 10:00:00,SCHW,79.38
2022-11-02 10:00:00,SHOP,373.1813590909
2022-11-02 10:00:00,SJM,149.44
2022-11-02 10:00:00,SLB,51.37
2022-11-02 10:00:00,SNOW,14.6636010154
2022-11-02 10:00:00,SO,65.75
2022-11-02 10:00:00,SOFI,5.3117
2022-11-02 10:00:00,SPCE,4.66
2022-11-02 10:00:00,SPG,115.05
2022-11-02 10:00:00,SPGI,315.005
2022-11-02 10:00:00,SPLK,81.45
2022-11-02 10:00:00,SQ,58.915
2022-11-02 10:00:00,STM,31.35
2022-11-02 10:00:00,STT,74.92
2022-11-02 10:00:00,SYY,82.76
2022-11-02 10:00:00,T,18.585
2022-11-02 10:00:00,TAP,49.51
2022-11-02 10:00:00,TEAM,178.41
2022-11-02 10:00:00,TFC,44.3
2022-11-02 10:00:00,TROW,105.17
2022-11-02 10:00:00,TRV,183.62
2022-11-02 10:00:00,TSLA,2992.1731718512
2022-11-02 10:00:00,TSN,67.91
2022-11-02 10:00:00,TWLO,71.75
2022-11-02 10:00:00,TXN,164.31
2022-11-02 10:00:00,UBER,29.42
2022-11-02 10:00:00,UNH,546.96
2022-11-02 10:00:00,UNP,196.815
2022-11-02 10:00:00,UPS,167.1
2022-11-02 10:00:00,UPST,21.24
2022-11-02 10:00:00,USB,42.55
2022-11-02 10:00:00,V,204.365
2022-11-02 10:00:00,VLO,126.805
2022-11-02 10:00:00,VRTX,313.075
2022-11-02 10:00:00,VTR,38.2
2022-11-02 10:00:00,VZ,37.85
2022-11-02 10:00:00,WAL,66.37
2022-11-02 10:00:00,WEC,91.73
2022-11-02 10:00:00,WELL,60.0
2022-11-02 10:00:00,WFC,46.71
2022-11-02 10:00:00,WM,157.17
2022-11-02 10:00:00,WMB,33.3618
2022-11-02 10:00:00,WMT,141.405
2022-11-02 10:00:00,WRB,74.55
2022-11-02 10:00:00,XEL,66.22
2022-11-02 10:00:00,XOM,110.77
2022-11-02 10:00:00,ZION,50.86
2022-11-02 10:00:00,ZM,82.6413
2022-11-02 10:00:00,ZS,145.52
2022-11-02 10:00:00,ZTS,149.97
2022-11-02 11:00:00,AAPL,575.5460067878
2022-11-02 11:00:00,ABBV,146.74
2022-11-02 11:00:00,ABNB,99.725
2022-11-02 11:00:00,ADBE,309.94
2022-11-02 11:00:00,ADI,145.865
2022-11-02 11:00:00,AEP,89.23
2022-11-02 11:00:00,AFRM,18.53
2022-11-02 11:00:00,AIG,57.99
2022-11-02 11:00:00,ALL,125.72
2022-11-02 11:00:00,AMAT,91.66
2022-11-02 11:00:00,AMC,1.5427780386
2022-11-02 11:00:00,AMD,61.27
2022-11-02 11:00:00,AMGN,272.66
2022-11-02 11:00:00,AMP,314.145
2022-11-02 11:00:00,AMT,207.3
2022-11-02 11:00:00,AMZN,1855.5365536316
2022-11-02 11:00:00,APA,45.65
2022-11-02 11:00:00,ARE,145.525
2022-11-02 11:00:00,ASML,467.25
2022-11-02 11:00:00,AVB,174.8
2022-11-02 11:00:00,AVGO,469.23
2022-11-02 11:00:00,AWK,140.9127
2022-11-02 11:00:00,AXP,146.71
2022-11-02 11:00:00,BA,149.48
2022-11-02 11:00:00,BAC,36.295
2022-11-02 11:00:00,BB,4.47
2022-11-02 11:00:00,BEN,22.46
2022-11-02 11:00:00,BIIB,283.85
2022-11-02 11:00:00,BK,42.582
2022-11-02 11:00:00,BKR,28.725
2022-11-02 11:00:00,BLK,654.27
2022-11-02 11:00:00,BMY,78.27
2022-11-02 11:00:00,C,46.17
2022-11-02 11:00:00,CAG,36.27
2022-11-02 11:00:00,CAT,218.23
2022-11-02 11:00:00,CB,214.05
2022-11-02 11:00:00,CCI,130.98
2022-11-02 11:00:00,CFG,40.43
2022-11-02 11:00:00,CHD,72.88
2022-11-02 11:00:00,CI,327.73
2022-11-02 11:00:00,CINF,100.76
2022-11-02 11:00:00,CL,73.189
2022-11-02 11:00:00,CLOV,1.5
2022-11-02 11:00:00,CLX,137.95
2022-11-02 11:00:00,CMCSA,31.48
2022-11-02 11:00:00,CME,173.35
2022-11-02 11:00:00,CMI,246.11
2022-11-02 11:00:00,COF,105.62
2022-11-02 11:00:00,COIN,63.49
2022-11-02 11:00:00,COP,129.12
2022-11-02 11:00:00,COST,493.63
2022-11-02 11:00:00,CPB,52.6
2022-11-02 11:00:00,CRM,153.21
2022-11-02 11:00:00,CRWD,150.92
2022-11-02 11:00:00,CSCO,45.545
2022-11-02 11:00:00,CSX,88.4790684411
2022-11-02 11:00:00,CTRA,31.5
2022-11-02 11:00:00,CVS,99.155
2022-11-02 11:00:00,CVX,181.81
2022-11-02 11:00:00,D,69.84
2022-11-02 11:00:00,DDOG,75.19
2022-11-02 11:00:00,DE,392.09
2022-11-02 11:00:00,DIS,103.85
2022-11-02 11:00:00,DKNG,16.63
2022-11-02 11:00:00,DLR,97.06
2022-11-02 11:00:00,DOCU,45.25
2022-11-02 11:00:00,DUK,94.11
2022-11-02 11:00:00,DVN,72.0
2022-11-02 11:00:00,ED,88.96
2022-11-02 11:00:00,EMR,86.565
2022-11-02 11:00:00,EOG,138.02
2022-11-02 11:00:00,EQR,63.2
2022-11-02 11:00:00,EQT,41.46
2022-11-02 11:00:00,ESS,221.86
2022-11-02 11:00:00,ETN,154.57
2022-11-02 11:00:00,EWBC,70.87
2022-11-02 11:00:00,FANG,157.42
2022-11-02 11:00:00,FDX,157.82
2022-11-02 11:00:00,FHN,24.34
2022-11-02 11:00:00,FITB,35.495
2022-11-02 11:00:00,GD,249.705
2022-11-02 11:00:00,GE,10.092361829
2022-11-02 11:00:00,GILD,79.05
2022-11-02 11:00:00,GIS,79.68
2022-11-02 11:00:00,GME,120.6010016694
2022-11-02 11:00:00,GOOGL,1833.8954507858
2022-11-02 11:00:00,GS,348.7
2022-11-02 11:00:00,HAL,36.76
2022-11-02 11:00:00,HBAN,15.195
2022-11-02 11:00:00,HIG,73.12
2022-11-02 11:00:00,HON,203.3
2022-11-02 11:00:00,HOOD,11.745
2022-11-02 11:00:00,HRL,46.565
2022-11-02 11:00:00,HSY,237.15
2022-11-02 11:00:00,HUM,565.19
2022-11-02 11:00:00,IBM,138.503
2022-11-02 11:00:00,ICE,468.7576316283
2022-11-02 11:00:00,INTC,28.135
2022-11-02 11:00:00,ITW,213.67
2022-11-02 11:00:00,IVZ,15.55
2022-11-02 11:00:00,JNJ,172.11
2022-11-02 11:00:00,JPM,127.85
2022-11-02 11:00:00,KEY,18.145
2022-11-02 11:00:00,KHC,38.625
2022-11-02 11:00:00,KLAC,321.87
2022-11-02 11:00:00,KMB,123.37
2022-11-02 11:00:00,KMI,18.245
2022-11-02 11:00:00,KO,59.515
2022-11-02 11:00:00,LCID,13.6917
2022-11-02 11:00:00,LLY,359.59
2022-11-02 11:00:00,LMT,487.2
2022-11-02 11:00:00,LNC,53.4
2022-11-02 11:00:00,LRCX,414.25
2022-11-02 11:00:00,LW,86.915
2022-11-02 11:00:00,MA,328.68
2022-11-02 11:00:00,MAA,156.545
2022-11-02 11:00:00,MARA,0.1978971131
2022-11-02 11:00:00,MCD,274.23
2022-11-02 11:00:00,MCHP,62.8
2022-11-02 11:00:00,MCO,259.25
2022-11-02 11:00:00,MDB,166.87
2022-11-02 11:00:00,MDLZ,62.94
2022-11-02 11:00:00,MET,74.3782
2022-11-02 11:00:00,META,92.965
2022-11-02 11:00:00,MKC,78.59
2022-11-02 11:00:00,MMM,125.08
2022-11-02 11:00:00,MO,45.61
2022-11-02 11:00:00,MPC,117.45
2022-11-02 11:00:00,MRK,99.985
2022-11-02 11:00:00,MRVL,40.755
2022-11-02 11:00:00,MS,84.27
2022-11-02 11:00:00,MSCI,460.67
2022-11-02 11:00:00,MSFT,225.04
2022-11-02 11:00:00,MTB,166.03
2022-11-02 11:00:00,MU,55.39
2022-11-02 11:00:00,NDAQ,187.7425326633
2022-11-02 11:00:00,NEE,312.1951768277
2022-11-02 11:00:00,NET,51.15
2022-11-02 11:00:00,NFLX,281.19
2022-11-02 11:00:00,NOC,535.91
2022-11-02 11:00:00,NOK,4.395
2022-11-02 11:00:00,NSC,230.55
2022-11-02 11:00:00,NVDA,559.9452526882
2022-11-02 11:00:00,NXPI,154.37
2022-11-02 11:00:00,O,61.48
2022-11-02 11:00:00,OKTA,52.55
2022-11-02 11:00:00,ON,62.21
2022-11-02 11:00:00,OPEN,2.38
2022-11-02 11:00:00,ORCL,76.3
2022-11-02 11:00:00,OXY,72.85
2022-11-02 11:00:00,PANW,491.0103328573
2022-11-02 11:00:00,PATH,11.68
2022-11-02 11:00:00,PEG,56.62
2022-11-02 11:00:00,PEP,180.63
2022-11-02 11:00:00,PFE,47.257
2022-11-02 11:00:00,PFG,87.84
2022-11-02 11:00:00,PG,134.42
2022-11-02 11:00:00,PH,291.34
2022-11-02 11:00:00,PLTR,8.465
2022-11-02 11:00:00,PM,90.6993
2022-11-02 11:00:00,PNC,161.15
2022-11-02 11:00:00,PRU,108.13
2022-11-02 11:00:00,PSA,287.45
2022-11-02 11:00:00,PSX,105.83
2022-11-02 11:00:00,PYPL,81.51
2022-11-02 11:00:00,QCOM,116.96
2022-11-02 11:00:00,REGN,749.46
2022-11-02 11:00:00,RF,22.2
2022-11-02 11:00:00,RIOT,0.6916666667
2022-11-02 11:00:00,RIVN,32.5501
2022-11-02 11:00:00,ROKU,55.78
2022-11-02 11:00:00,RTX,96.09
2022-11-02 11:00:00,SCHW,79.67
2022-11-02 11:00:00,SHOP,366.8266318182
2022-11-02 11:00:00,SJM,150.47
2022-11-02 11:00:00,SLB,51.885
2022-11-02 11:00:00,SNOW,14.3841667338
2022-11-02 11:00:00,SO,65.8
2022-11-02 11:00:00,SOFI,5.209
2022-11-02 11:00:00,SPCE,4.6161
2022-11-02 11:00:00,SPG,114.8062
2022-11-02 11:00:00,SPGI,313.87
2022-11-02 11:00:00,SPLK,79.95
2022-11-02 11:00:00,SQ,56.625
2022-11-02 11:00:00,STM,31.2
2022-11-02 11:00:00,STT,74.96
2022-11-02 11:00:00,SYY,82.38
2022-11-02 11:00:00,T,18.635
2022-11-02 11:00:00,TAP,49.8
2022-11-02 11:00:00,TEAM,174.87
2022-11-02 11:00:00,TFC,44.25
2022-11-02 11:00:00,TROW,105.25
2022-11-02 11:00:00,TRV,183.57
2022-11-02 11:00:00,TSLA,2980.3015860677
2022-11-02 11:00:00,TSN,68.02
2022-11-02 11:00:00,TWLO,69.31
2022-11-02 11:00:00,TXN,164.065
2022-11-02 11:00:00,UBER,28.93
2022-11-02 11:00:00,UNH,549.47
2022-11-02 11:00:00,UNP,197.72
2022-11-02 11:00:00,UPS,167.94
2022-11-02 11:00:00,UPST,21.07
2022-11-02 11:00:00,USB,42.58
2022-11-02 11:00:00,V,204.02
2022-11-02 11:00:00,VLO,128.65
2022-11-02 11:00:00,VRTX,312.5
2022-11-02 11:00:00,VTR,38.24
2022-11-02 11:00:00,VZ,37.87
2022-11-02 11:00:00,WAL,66.27
2022-11-02 11:00:00,WEC,91.75
2022-11-02 11:00:00,WELL,59.87
2022-11-02 11:00:00,WFC,46.835
2022-11-02 11:00:00,WM,157.31
2022-11-02 11:00:00,WMB,33.535
2022-11-02 11:00:00,WMT,141.705
2022-11-02 11:00:00,WRB,74.98
2022-11-02 11:00:00,XEL,66.445
2022-11-02 11:00:00,XOM,111.77
2022-11-02 11:00:00,ZION,50.86
2022-11-02 11:00:00,ZM,81.83
2022-11-02 11:00:00,ZS,143.49
2022-11-02 11:00:00,ZTS,149.81
2022-11-02 12:00:00,AAPL,576.6877100889
2022-11-02 12:00:00,ABBV,146.59
2022-11-02 12:00:00,ABNB,97.91
2022-11-02 12:00:00,ADBE,310.82
2022-11-02 12:00:00,ADI,144.92
2022-11-02 12:00:00,AEP,89.435
2022-11-02 12:00:00,AFRM,18.55
2022-11-02 12:00:00,AIG,57.66
2022-11-02 12:00:00,ALL,125.0
2022-11-02 12:00:00,AMAT,91.17
2022-11-02 12:00:00,AMC,1.5389049557
2022-11-02 12:00:00,AMD,60.74
2022-11-02 12:00:00,AMGN,272.655
2022-11-02 12:00:00,AMP,312.77
2022-11-02 12:00:00,AMT,208.6688
2022-11-02 12:00:00,AMZN,1849.8329396344
2022-11-02 12:00:00,APA,45.1432
2022-11-02 12:00:00,ARE,146.69
2022-11-02 12:00:00,ASML,468.59
2022-11-02 12:00:00,AVB,174.8
2022-11-02 12:00:00,AVGO,469.845
2022-11-02 12:00:00,AWK,141.09
2022-11-02 12:00:00,AXP,146.08
2022-11-02 12:00:00,BA,148.0
2022-11-02 12:00:00,BAC,36.3546
2022-11-02 12:00:00,BB,4.475
2022-11-02 12:00:00,BEN,22.405
2022-11-02 12:00:00,BIIB,283.8096
2022-11-02 12:00:00,BK,42.515
2022-11-02 12:00:00,BKR,28.56
2022-11-02 12:00:00,BLK,652.91
2022-11-02 12:00:00,BMY,78.295
2022-11-02 12:00:00,C,46.055
2022-11-02 12:00:00,CAG,36.32
2022-11-02 12:00:00,CAT,218.04
2022-11-02 12:00:00,CB,214.075
2022-11-02 12:00:00,CCI,131.92
2022-11-02 12:00:00,CFG,40.2509
2022-11-02 12:00:00,CHD,73.26
2022-11-02 12:00:00,CI,325.11
2022-11-02 12:00:00,CINF,100.16
2022-11-02 12:00:00,CL,73.53
2022-11-02 12:00:00,CLOV,1.515
2022-11-02 12:00:00,CLX,139.66
2022-11-02 12:00:00,CMCSA,31.41
2022-11-02 12:00:00,CME,173.61
2022-11-02 12:00:00,CMI,246.1
2022-11-02 12:00:00,COF,105.44
2022-11-02 12:00:00,COIN,63.785
2022-11-02 12:00:00,COP,128.515
2022-11-02 12:00:00,COST,495.95
2022-11-02 12:00:00,CPB,52.6706
2022-11-02 12:00:00,CRM,153.15
2022-11-02 12:00:00,CRWD,152.03
2022-11-02 12:00:00,CSCO,45.52
2022-11-02 12:00:00,CSX,88.0713307985
2022-11-02 12:00:00,CTRA,31.255
2022-11-02 12:00:00,CVS,98.11
2022-11-02 12:00:00,CVX,181.25
2022-11-02 12:00:00,D,70.01
2022-11-02 12:00:00,DDOG,76.7
2022-11-02 12:00:00,DE,390.06
2022-11-02 12:00:00,DIS,103.43
2022-11-02 12:00:00,DKNG,16.535
2022-11-02 12:00:00,DLR,97.11
2022-11-02 12:00:00,DOCU,45.235
2022-11-02 12:00:00,DUK,94.38
2022-11-02 12:00:00,DVN,71.44
2022-11-02 12:00:00,ED,89.05
2022-11-02 12:00:00,EMR,86.36
2022-11-02 12:00:00,EOG,136.788
2022-11-02 12:00:00,EQR,63.31
2022-11-02 12:00:00,EQT,41.26
2022-11-02 12:00:00,ESS,222.59
2022-11-02 12:00:00,ETN,154.45
2022-11-02 12:00:00,EWBC,70.41
2022-11-02 12:00:00,FANG,156.09
2022-11-02 12:00:00,FDX,157.14
2022-11-02 12:00:00,FHN,24.33
2022-11-02 12:00:00,FITB,35.441
2022-11-02 12:00:00,GD,248.5
2022-11-02 12:00:00,GE,10.0756013917
2022-11-02 12:00:00,GILD,79.31
2022-11-02 12:00:00,GIS,79.93
2022-11-02 12:00:00,GME,121.2040066778
2022-11-02 12:00:00,GOOGL,1836.7218086573
2022-11-02 12:00:00,GS,349.1
2022-11-02 12:00:00,HAL,36.52
2022-11-02 12:00:00,HBAN,15.16
2022-11-02 12:00:00,HIG,72.64
2022-11-02 12:00:00,HON,203.13
2022-11-02 12:00:00,HOOD,11.7101
2022-11-02 12:00:00,HRL,46.67
2022-11-02 12:00:00,HSY,238.2
2022-11-02 12:00:00,HUM,562.81
2022-11-02 12:00:00,IBM,138.75
2022-11-02 12:00:00,ICE,469.3887680345
2022-11-02 12:00:00,INTC,28.065
2022-11-02 12:00:00,ITW,213.58
2022-11-02 12:00:00,IVZ,15.465
2022-11-02 12:00:00,JNJ,172.26
2022-11-02 12:00:00,JPM,127.71
2022-11-02 12:00:00,KEY,18.045
2022-11-02 12:00:00,KHC,38.655
2022-11-02 12:00:00,KLAC,321.41
2022-11-02 12:00:00,KMB,123.96
2022-11-02 12:00:00,KMI,18.205
2022-11-02 12:00:00,KO,59.57
2022-11-02 12:00:00,LCID,13.81
2022-11-02 12:00:00,LLY,361.01
2022-11-02 12:00:00,LMT,484.86
2022-11-02 12:00:00,LNC,53.11
2022-11-02 12:00:00,LRCX,412.73
2022-11-02 12:00:00,LW,86.97
2022-11-02 12:00:00,MA,327.54
2022-11-02 12:00:00,MAA,156.9
2022-11-02 12:00:00,MARA,0.1956156348
2022-11-02 12:00:00,MCD,274.03
2022-11-02 12:00:00,MCHP,62.78
2022-11-02 12:00:00,MCO,259.38
2022-11-02 12:00:00,MDB,168.82
2022-11-02 12:00:00,MDLZ,63.47
2022-11-02 12:00:00,MET,74.23
2022-11-02 12:00:00,META,92.89
2022-11-02 12:00:00,MKC,78.82
2022-11-02 12:00:00,MMM,124.83
2022-11-02 12:00:00,MO,45.63
2022-11-02 12:00:00,MPC,116.56
2022-11-02 12:00:00,MRK,100.29
2022-11-02 12:00:00,MRVL,40.6
2022-11-02 12:00:00,MS,84.22
2022-11-02 12:00:00,MSCI,460.21
2022-11-02 12:00:00,MSFT,225.575
2022-11-02 12:00:00,MTB,165.91
2022-11-02 12:00:00,MU,54.85
2022-11-02 12:00:00,NDAQ,188.5049698492
2022-11-02 12:00:00,NEE,313.5594581684
2022-11-02 12:00:00,NET,51.55
2022-11-02 12:00:00,NFLX,280.15
2022-11-02 12:00:00,NOC,534.38
2022-11-02 12:00:00,NOK,4.395
2022-11-02 12:00:00,NSC,229.505
2022-11-02 12:00:00,NVDA,557.2966580645
2022-11-02 12:00:00,NXPI,154.1
2022-11-02 12:00:00,O,61.605
2022-11-02 12:00:00,OKTA,52.84
2022-11-02 12:00:00,ON,62.21
2022-11-02 12:00:00,OPEN,2.405
2022-11-02 12:00:00,ORCL,76.45
2022-11-02 12:00:00,OXY,72.3299
2022-11-02 12:00:00,PANW,494.9446863671
2022-11-02 12:00:00,PATH,11.65
2022-11-02 12:00:00,PEG,56.78
2022-11-02 12:00:00,PEP,181.39
2022-11-02 12:00:00,PFE,47.07
2022-11-02 12:00:00,PFG,87.76
2022-11-02 12:00:00,PG,134.94
2022-11-02 12:00:00,PH,290.27
2022-11-02 12:00:00,PLTR,8.475
2022-11-02 12:00:00,PM,90.59
2022-11-02 12:00:00,PNC,160.9
2022-11-02 12:00:00,PRU,107.14
2022-11-02 12:00:00,PSA,288.845
2022-11-02 12:00:00,PSX,104.89
2022-11-02 12:00:00,PYPL,82.03
2022-11-02 12:00:00,QCOM,116.09
2022-11-02 12:00:00,REGN,749.74
2022-11-02 12:00:00,RF,22.075
2022-11-02 12:00:00,RIOT,0.6920555556
2022-11-02 12:00:00,RIVN,32.475
2022-11-02 12:00:00,ROKU,55.9
2022-11-02 12:00:00,RTX,95.4
2022-11-02 12:00:00,SCHW,79.72
2022-11-02 12:00:00,SHOP,364.4679688788
2022-11-02 12:00:00,SJM,150.52
2022-11-02 12:00:00,SLB,51.87
2022-11-02 12:00:00,SNOW,14.5813018777
2022-11-02 12:00:00,SO,65.8233
2022-11-02 12:00:00,SOFI,5.1901
2022-11-02 12:00:00,SPCE,4.655
2022-11-02 12:00:00,SPG,114.05
2022-11-02 12:00:00,SPGI,314.67
2022-11-02 12:00:00,SPLK,79.8
2022-11-02 12:00:00,SQ,56.18
2022-11-02 12:00:00,STM,31.055
2022-11-02 12:00:00,STT,74.82
2022-11-02 12:00:00,SYY,82.94
2022-11-02 12:00:00,T,18.575
2022-11-02 12:00:00,TAP,50.09
2022-11-02 12:00:00,TEAM,177.57
2022-11-02 12:00:00,TFC,44.44
2022-11-02 12:00:00,TROW,106.01
2022-11-02 12:00:00,TRV,183.72
2022-11-02 12:00:00,TSLA,2965.7622281981
2022-11-02 12:00:00,TSN,68.03
2022-11-02 12:00:00,TWLO,69.865
2022-11-02 12:00:00,TXN,163.35
2022-11-02 12:00:00,UBER,29.31
2022-11-02 12:00:00,UNH,549.1
2022-11-02 12:00:00,UNP,195.94
2022-11-02 12:00:00,UPS,167.79
2022-11-02 12:00:00,UPST,21.0299
2022-11-02 12:00:00,USB,42.495
2022-11-02 12:00:00,V,204.39
2022-11-02 12:00:00,VLO,127.63
2022-11-02 12:00:00,VRTX,314.0572
2022-11-02 12:00:00,VTR,38.25
2022-11-02 12:00:00,VZ,37.87
2022-11-02 12:00:00,WAL,65.9402
2022-11-02 12:00:00,WEC,91.66
2022-11-02 12:00:00,WELL,60.16
2022-11-02 12:00:00,WFC,46.89
2022-11-02 12:00:00,WM,157.615
2022-11-02 12:00:00,WMB,33.505
2022-11-02 12:00:00,WMT,141.945
2022-11-02 12:00:00,WRB,75.38
2022-11-02 12:00:00,XEL,66.53
2022-11-02 12:00:00,XOM,111.73
2022-11-02 12:00:00,ZION,50.735
2022-11-02 12:00:00,ZM,81.7
2022-11-02 12:00:00,ZS,144.75
2022-11-02 12:00:00,ZTS,150.42
2022-11-02 13:00:00,AAPL,575.9920208736
2022-11-02 13:00:00,ABBV,147.07
2022-11-02 13:00:00,ABNB,97.045
2022-11-02 13:00:00,ADBE,310.975
2022-11-02 13:00:00,ADI,145.21
2022-11-02 13:00:00,AEP,89.66
2022-11-02 13:00:00,AFRM,18.65
2022-11-02 13:00:00,AIG,58.01
2022-11-02 13:00:00,ALL,124.75
2022-11-02 13:00:00,AMAT,91.28
2022-11-02 13:00:00,AMC,1.5518152321
2022-11-02 13:00:00,AMD,61.0137
2022-11-02 13:00:00,AMGN,272.66
2022-11-02 13:00:00,AMP,313.08
2022-11-02 13:00:00,AMT,208.3602
2022-11-02 13:00:00,AMZN,1854.5565512266
2022-11-02 13:00:00,APA,45.19
2022-11-02 13:00:00,ARE,145.11
2022-11-02 13:00:00,ASML,469.87
2022-11-02 13:00:00,AVB,174.57
2022-11-02 13:00:00,AVGO,471.08
2022-11-02 13:00:00,AWK,141.66
2022-11-02 13:00:00,AXP,146.42
2022-11-02 13:00:00,BA,150.425
2022-11-02 13:00:00,BAC,36.59
2022-11-02 13:00:00,BB,4.485
2022-11-02 13:00:00,BEN,22.67
2022-11-02 13:00:00,BIIB,283.11
2022-11-02 13:00:00,BK,42.71
2022-11-02 13:00:00,BKR,28.525
2022-11-02 13:00:00,BLK,653.35
2022-11-02 13:00:00,BMY,78.37
2022-11-02 13:00:00,C,46.328
2022-11-02 13:00:00,CAG,36.52
2022-11-02 13:00:00,CAT,218.83
2022-11-02 13:00:00,CB,213.795
2022-11-02 13:00:00,CCI,131.31
2022-11-02 13:00:00,CFG,40.4
2022-11-02 13:00:00,CHD,73.85
2022-11-02 13:00:00,CI,325.41
2022-11-02 13:00:00,CINF,99.8
2022-11-02 13:00:00,CL,73.96
2022-11-02 13:00:00,CLOV,1.515
2022-11-02 13:00:00,CLX,140.99
2022-11-02 13:00:00,CMCSA,31.5189
2022-11-02 13:00:00,CME,174.23
2022-11-02 13:00:00,CMI,247.54
2022-11-02 13:00:00,COF,105.68
2022-11-02 13:00:00,COIN,63.02
2022-11-02 13:00:00,COP,128.47
2022-11-02 13:00:00,COST,496.27
2022-11-02 13:00:00,CPB,52.68
2022-11-02 13:00:00,CRM,153.78
2022-11-02 13:00:00,CRWD,153.06
2022-11-02 13:00:00,CSCO,45.5
2022-11-02 13:00:00,CSX,88.4035614702
2022-11-02 13:00:00,CTRA,31.395
2022-11-02 13:00:00,CVS,98.36
2022-11-02 13:00:00,CVX,181.46
2022-11-02 13:00:00,D,70.135
2022-11-02 13:00:00,DDOG,77.02
2022-11-02 13:00:00,DE,391.825
2022-11-02 13:00:00,DIS,103.77
2022-11-02 13:00:00,DKNG,16.6
2022-11-02 13:00:00,DLR,96.415
2022-11-02 13:00:00,DOCU,45.26
2022-11-02 13:00:00,DUK,94.48
2022-11-02 13:00:00,DVN,71.075
2022-11-02 13:00:00,ED,89.18
2022-11-02 13:00:00,EMR,86.76
2022-11-02 13:00:00,EOG,137.29
2022-11-02 13:00:00,EQR,63.21
2022-11-02 13:00:00,EQT,41.17
2022-11-02 13:00:00,ESS,221.85
2022-11-02 13:00:00,ETN,154.99
2022-11-02 13:00:00,EWBC,70.055
2022-11-02 13:00:00,FANG,156.47
2022-11-02 13:00:00,FDX,157.595
2022-11-02 13:00:00,FHN,24.345
2022-11-02 13:00:00,FITB,35.6
2022-11-02 13:00:00,GD,249.3
2022-11-02 13:00:00,GE,10.1734823459
2022-11-02 13:00:00,GILD,79.34
2022-11-02 13:00:00,GIS,80.39
2022-11-02 13:00:00,GME,120.3856427379
2022-11-02 13:00:00,GOOGL,1841.8569065343
2022-11-02 13:00:00,GS,350.4
2022-11-02 13:00:00,HAL,36.58
2022-11-02 13:00:00,HBAN,15.235
2022-11-02 13:00:00,HIG,72.565
2022-11-02 13:00:00,HON,203.9
2022-11-02 13:00:00,HOOD,11.7683
2022-11-02 13:00:00,HRL,46.805
2022-11-02 13:00:00,HSY,237.925
2022-11-02 13:00:00,HUM,562.07
2022-11-02 13:00:00,IBM,138.91
2022-11-02 13:00:00,ICE,472.1405227656
2022-11-02 13:00:00,INTC,28.2103
2022-11-02 13:00:00,ITW,214.18
2022-11-02 13:00:00,IVZ,15.56
2022-11-02 13:00:00,JNJ,172.875
2022-11-02 13:00:00,JPM,128.23
2022-11-02 13:00:00,KEY,18.2501
2022-11-02 13:00:00,KHC,38.6991
2022-11-02 13:00:00,KLAC,322.17
2022-11-02 13:00:00,KMB,124.39
2022-11-02 13:00:00,KMI,18.24
2022-11-02 13:00:00,KO,59.7
2022-11-02 13:00:00,LCID,13.845
2022-11-02 13:00:00,LLY,360.46
2022-11-02 13:00:00,LMT,485.96
2022-11-02 13:00:00,LNC,53.17
2022-11-02 13:00:00,LRCX,412.755
2022-11-02 13:00:00,LW,87.21
2022-11-02 13:00:00,MA,328.71
2022-11-02 13:00:00,MAA,157.03
2022-11-02 13:00:00,MARA,0.1933341566
2022-11-02 13:00:00,MCD,274.59
2022-11-02 13:00:00,MCHP,62.92
2022-11-02 13:00:00,MCO,260.315
2022-11-02 13:00:00,MDB,169.4
2022-11-02 13:00:00,MDLZ,63.3
2022-11-02 13:00:00,MET,74.4
2022-11-02 13:00:00,META,93.22
2022-11-02 13:00:00,MKC,78.96
2022-11-02 13:00:00,MMM,125.41
2022-11-02 13:00:00,MO,45.7
2022-11-02 13:00:00,MPC,117.15
2022-11-02 13:00:00,MRK,100.53
2022-11-02 13:00:00,MRVL,40.63
2022-11-02 13:00:00,MS,84.655
2022-11-02 13:00:00,MSCI,462.32
2022-11-02 13:00:00,MSFT,226.6444
2022-11-02 13:00:00,MTB,166.755
2022-11-02 13:00:00,MU,55.11
2022-11-02 13:00:00,NDAQ,188.7794472362
2022-11-02 13:00:00,NEE,315.2104941937
2022-11-02 13:00:00,NET,52.33
2022-11-02 13:00:00,NFLX,281.1391
2022-11-02 13:00:00,NOC,536.205
2022-11-02 13:00:00,NOK,4.4142
2022-11-02 13:00:00,NSC,230.74
2022-11-02 13:00:00,NVDA,559.0758666667
2022-11-02 13:00:00,NXPI,154.7584
2022-11-02 13:00:00,O,61.435
2022-11-02 13:00:00,OKTA,53.11
2022-11-02 13:00:00,ON,62.34
2022-11-02 13:00:00,OPEN,2.4
2022-11-02 13:00:00,ORCL,76.5111
2022-11-02 13:00:00,OXY,72.62
2022-11-02 13:00:00,PANW,498.4720377897
2022-11-02 13:00:00,PATH,11.6988
2022-11-02 13:00:00,PEG,57.12
2022-11-02 13:00:00,PEP,181.4792
2022-11-02 13:00:00,PFE,47.74
2022-11-02 13:00:00,PFG,87.715
2022-11-02 13:00:00,PG,135.53
2022-11-02 13:00:00,PH,291.86
2022-11-02 13:00:00,PLTR,8.51
2022-11-02 13:00:00,PM,91.03
2022-11-02 13:00:00,PNC,161.49
2022-11-02 13:00:00,PRU,107.64
2022-11-02 13:00:00,PSA,290.62
2022-11-02 13:00:00,PSX,105.32
2022-11-02 13:00:00,PYPL,82.22
2022-11-02 13:00:00,QCOM,116.6688
2022-11-02 13:00:00,REGN,748.67
2022-11-02 13:00:00,RF,22.175
2022-11-02 13:00:00,RIOT,0.6866666667
2022-11-02 13:00:00,RIVN,32.5737
2022-11-02 13:00:00,ROKU,56.04
2022-11-02 13:00:00,RTX,95.695
2022-11-02 13:00:00,SCHW,79.64
2022-11-02 13:00:00,SHOP,366.7747348788
2022-11-02 13:00:00,SJM,150.405
2022-11-02 13:00:00,SLB,51.93
2022-11-02 13:00:00,SNOW,14.7104923846
2022-11-02 13:00:00,SO,65.97
2022-11-02 13:00:00,SOFI,5.195
2022-11-02 13:00:00,SPCE,4.68
2022-11-02 13:00:00,SPG,113.125
2022-11-02 13:00:00,SPGI,315.47
2022-11-02 13:00:00,SPLK,80.134
2022-11-02 13:00:00,SQ,56.45
2022-11-02 13:00:00,STM,31.19
2022-11-02 13:00:00,STT,75.1
2022-11-02 13:00:00,SYY,82.67
2022-11-02 13:00:00,T,18.565
2022-11-02 13:00:00,TAP,49.87
2022-11-02 13:00:00,TEAM,177.33
2022-11-02 13:00:00,TFC,44.6
2022-11-02 13:00:00,TROW,106.78
2022-11-02 13:00:00,TRV,183.61
2022-11-02 13:00:00,TSLA,2959.7584071182
2022-11-02 13:00:00,TSN,68.305
2022-11-02 13:00:00,TWLO,69.235
2022-11-02 13:00:00,TXN,163.645
2022-11-02 13:00:00,UBER,29.59
2022-11-02 13:00:00,UNH,550.345
2022-11-02 13:00:00,UNP,197.05
2022-11-02 13:00:00,UPS,167.78
2022-11-02 13:00:00,UPST,21.15
2022-11-02 13:00:00,USB,42.68
2022-11-02 13:00:00,V,205.0018
2022-11-02 13:00:00,VLO,128.12
2022-11-02 13:00:00,VRTX,314.22
2022-11-02 13:00:00,VTR,38.1
2022-11-02 13:00:00,VZ,38.035
2022-11-02 13:00:00,WAL,66.46
2022-11-02 13:00:00,WEC,91.71
2022-11-02 13:00:00,WELL,60.0562
2022-11-02 13:00:00,WFC,47.03
2022-11-02 13:00:00,WM,158.445
2022-11-02 13:00:00,WMB,33.59
2022-11-02 13:00:00,WMT,142.3
2022-11-02 13:00:00,WRB,75.48
2022-11-02 13:00:00,XEL,66.56
2022-11-02 13:00:00,XOM,111.4904
2022-11-02 13:00:00,ZION,50.85
2022-11-02 13:00:00,ZM,82.035
2022-11-02 13:00:00,ZS,145.135
2022-11-02 13:00:00,ZTS,151.87
2022-11-02 14:00:00,AAPL,571.1801704677
2022-11-02 14:00:00,ABBV,145.7
2022-11-02 14:00:00,ABNB,97.185
2022-11-02 14:00:00,ADBE,308.74
2022-11-02 14:00:00,ADI,144.26
2022-11-02 14:00:00,AEP,89.15
2022-11-02 14:00:00,AFRM,18.43
2022-11-02 14:00:00,AIG,57.35
2022-11-02 14:00:00,ALL,124.325
2022-11-02 14:00:00,AMAT,90.14
2022-11-02 14:00:00,AMC,1.5453600939
2022-11-02 14:00:00,AMD,60.19
2022-11-02 14:00:00,AMGN,270.905
2022-11-02 14:00:00,AMP,312.5
2022-11-02 14:00:00,AMT,207.4249
2022-11-02 14:00:00,AMZN,1842.4045214045
2022-11-02 14:00:00,APA,45.2
2022-11-02 14:00:00,ARE,145.1
2022-11-02 14:00:00,ASML,460.03
2022-11-02 14:00:00,AVB,173.54
2022-11-02 14:00:00,AVGO,467.06
2022-11-02 14:00:00,AWK,140.55
2022-11-02 14:00:00,AXP,145.45
2022-11-02 14:00:00,BA,151.4
2022-11-02 14:00:00,BAC,36.5063
2022-11-02 14:00:00,BB,4.48
2022-11-02 14:00:00,BEN,22.86
2022-11-02 14:00:00,BIIB,282.39
2022-11-02 14:00:00,BK,42.45
2022-11-02 14:00:00,BKR,28.0
2022-11-02 14:00:00,BLK,650.1
2022-11-02 14:00:00,BMY,77.75
2022-11-02 14:00:00,C,46.03
2022-11-02 14:00:00,CAG,36.18
2022-11-02 14:00:00,CAT,217.19
2022-11-02 14:00:00,CB,212.225
2022-11-02 14:00:00,CCI,130.38
2022-11-02 14:00:00,CFG,40.19
2022-11-02 14:00:00,CHD,73.35
2022-11-02 14:00:00,CI,323.48
2022-11-02 14:00:00,CINF,99.29
2022-11-02 14:00:00,CL,73.45
2022-11-02 14:00:00,CLOV,1.515
2022-11-02 14:00:00,CLX,139.66
2022-11-02 14:00:00,CMCSA,31.305
2022-11-02 14:00:00,CME,173.93
2022-11-02 14:00:00,CMI,245.915
2022-11-02 14:00:00,COF,104.965
2022-11-02 14:00:00,COIN,63.05
2022-11-02 14:00:00,COP,127.37
2022-11-02 14:00:00,COST,492.0
2022-11-02 14:00:00,CPB,52.355
2022-11-02 14:00:00,CRM,152.82
2022-11-02 14:00:00,CRWD,150.985
2022-11-02 14:00:00,CSCO,45.18
2022-11-02 14:00:00,CSX,87.9052154626
2022-11-02 14:00:00,CTRA,31.125
2022-11-02 14:00:00,CVS,98.17
2022-11-02 14:00:00,CVX,180.25
2022-11-02 14:00:00,D,69.54
2022-11-02 14:00:00,DDOG,76.155
2022-11-02 14:00:00,DE,390.215
2022-11-02 14:00:00,DIS,103.74
2022-11-02 14:00:00,DKNG,16.415
2022-11-02 14:00:00,DLR,95.57
2022-11-02 14:00:00,DOCU,45.09
2022-11-02 14:00:00,DUK,93.7801
2022-11-02 14:00:00,DVN,70.11
2022-11-02 14:00:00,ED,88.68
2022-11-02 14:00:00,EMR,86.46
2022-11-02 14:00:00,EOG,136.7
2022-11-02 14:00:00,EQR,62.85
2022-11-02 14:00:00,EQT,41.09
2022-11-02 14:00:00,ESS,220.77
2022-11-02 14:00:00,ETN,153.39
2022-11-02 14:00:00,EWBC,69.12
2022-11-02 14:00:00,FANG,155.905
2022-11-02 14:00:00,FDX,157.23
2022-11-02 14:00:00,FHN,24.3555
2022-11-02 14:00:00,FITB,35.2
2022-11-02 14:00:00,GD,247.78
2022-11-02 14:00:00,GE,10.070444334
2022-11-02 14:00:00,GILD,78.67
2022-11-02 14:00:00,GIS,80.14
2022-11-02 14:00:00,GME,117.8013355593
2022-11-02 14:00:00,GOOGL,1827.0678246485
2022-11-02 14:00:00,GS,351.86
2022-11-02 14:00:00,HAL,36.3
2022-11-02 14:00:00,HBAN,15.13
2022-11-02 14:00:00,HIG,72.57
2022-11-02 14:00:00,HON,202.48
2022-11-02 14:00:00,HOOD,11.645
2022-11-02 14:00:00,HRL,46.57
2022-11-02 14:00:00,HSY,236.85
2022-11-02 14:00:00,HUM,559.82
2022-11-02 14:00:00,IBM,137.92
2022-11-02 14:00:00,ICE,471.3326681656
2022-11-02 14:00:00,INTC,28.04
2022-11-02 14:00:00,ITW,212.13
2022-11-02 14:00:00,IVZ,15.56
2022-11-02 14:00:00,JNJ,171.4176
2022-11-02 14:00:00,JPM,127.79
2022-11-02 14:00:00,KEY,18.14
2022-11-02 14:00:00,KHC,38.36
2022-11-02 14:00:00,KLAC,318.15
2022-11-02 14:00:00,KMB,123.32
2022-11-02 14:00:00,KMI,18.14
2022-11-02 14:00:00,KO,59.29
2022-11-02 14:00:00,LCID,13.72
2022-11-02 14:00:00,LLY,357.91
2022-11-02 14:00:00,LMT,484.1951
2022-11-02 14:00:00,LNC,52.81
2022-11-02 14:00:00,LRCX,408.86
2022-11-02 14:00:00,LW,87.09
2022-11-02 14:00:00,MA,325.86
2022-11-02 14:00:00,MAA,155.83
2022-11-02 14:00:00,MARA,0.192658163
2022-11-02 14:00:00,MCD,272.6
2022-11-02 14:00:00,MCHP,62.44
2022-11-02 14:00:00,MCO,260.59
2022-11-02 14:00:00,MDB,169.044
2022-11-02 14:00:00,MDLZ,63.13
2022-11-02 14:00:00,MET,74.24
2022-11-02 14:00:00,META,92.88
2022-11-02 14:00:00,MKC,78.16
2022-11-02 14:00:00,MMM,124.37
2022-11-02 14:00:00,MO,45.21
2022-11-02 14:00:00,MPC,116.52
2022-11-02 14:00:00,MRK,99.76
2022-11-02 14:00:00,MRVL,40.35
2022-11-02 14:00:00,MS,85.06
2022-11-02 14:00:00,MSCI,462.07
2022-11-02 14:00:00,MSFT,224.95
2022-11-02 14:00:00,MTB,165.26
2022-11-02 14:00:00,MU,54.82
2022-11-02 14:00:00,NDAQ,188.2304924623
2022-11-02 14:00:00,NEE,312.3149907627
2022-11-02 14:00:00,NET,51.6001
2022-11-02 14:00:00,NFLX,279.55
2022-11-02 14:00:00,NOC,534.325
2022-11-02 14:00:00,NOK,4.395
2022-11-02 14:00:00,NSC,230.29
2022-11-02 14:00:00,NVDA,553.1721290323
2022-11-02 14:00:00,NXPI,153.74
2022-11-02 14:00:00,O,61.33
2022-11-02 14:00:00,OKTA,52.66
2022-11-02 14:00:00,ON,61.9
2022-11-02 14:00:00,OPEN,2.3979
2022-11-02 14:00:00,ORCL,76.01
2022-11-02 14:00:00,OXY,72.26
2022-11-02 14:00:00,PANW,498.683075909
2022-11-02 14:00:00,PATH,11.64
2022-11-02 14:00:00,PEG,56.93
2022-11-02 14:00:00,PEP,180.12
2022-11-02 14:00:00,PFE,47.29
2022-11-02 14:00:00,PFG,87.58
2022-11-02 14:00:00,PG,134.1647
2022-11-02 14:00:00,PH,289.82
2022-11-02 14:00:00,PLTR,8.465
2022-11-02 14:00:00,PM,90.41
2022-11-02 14:00:00,PNC,160.75
2022-11-02 14:00:00,PRU,106.78
2022-11-02 14:00:00,PSA,288.1459
2022-11-02 14:00:00,PSX,104.49
2022-11-02 14:00:00,PYPL,81.51
2022-11-02 14:00:00,QCOM,115.82
2022-11-02 14:00:00,REGN,746.08
2022-11-02 14:00:00,RF,22.08
2022-11-02 14:00:00,RIOT,0.68
2022-11-02 14:00:00,RIVN,32.39
2022-11-02 14:00:00,ROKU,56.04
2022-11-02 14:00:00,RTX,95.01
2022-11-02 14:00:00,SCHW,79.19
2022-11-02 14:00:00,SHOP,366.2970712121
2022-11-02 14:00:00,SJM,149.69
2022-11-02 14:00:00,SLB,51.57
2022-11-02 14:00:00,SNOW,14.4827343057
2022-11-02 14:00:00,SO,65.475
2022-11-02 14:00:00,SOFI,5.13
2022-11-02 14:00:00,SPCE,4.695
2022-11-02 14:00:00,SPG,113.0394
2022-11-02 14:00:00,SPGI,313.48
2022-11-02 14:00:00,SPLK,79.76
2022-11-02 14:00:00,SQ,56.57
2022-11-02 14:00:00,STM,31.01
2022-11-02 14:00:00,STT,74.47
2022-11-02 14:00:00,SYY,82.28
2022-11-02 14:00:00,T,18.52
2022-11-02 14:00:00,TAP,49.59
2022-11-02 14:00:00,TEAM,176.58
2022-11-02 14:00:00,TFC,44.3
2022-11-02 14:00:00,TROW,106.71
2022-11-02 14:00:00,TRV,183.19
2022-11-02 14:00:00,TSLA,2921.210434359
2022-11-02 14:00:00,TSN,67.89
2022-11-02 14:00:00,TWLO,69.34
2022-11-02 14:00:00,TXN,162.46
2022-11-02 14:00:00,UBER,29.22
2022-11-02 14:00:00,UNH,547.76
2022-11-02 14:00:00,UNP,195.7675
2022-11-02 14:00:00,UPS,167.61
2022-11-02 14:00:00,UPST,21.17
2022-11-02 14:00:00,USB,42.36
2022-11-02 14:00:00,V,202.79
2022-11-02 14:00:00,VLO,127.93
2022-11-02 14:00:00,VRTX,311.31
2022-11-02 14:00:00,VTR,37.96
2022-11-02 14:00:00,VZ,37.67
2022-11-02 14:00:00,WAL,66.46
2022-11-02 14:00:00,WEC,91.131
2022-11-02 14:00:00,WELL,59.4369
2022-11-02 14:00:00,WFC,46.725
2022-11-02 14:00:00,WM,156.99
2022-11-02 14:00:00,WMB,33.235
2022-11-02 14:00:00,WMT,141.625
2022-11-02 14:00:00,WRB,74.9
2022-11-02 14:00:00,XEL,65.86
2022-11-02 14:00:00,XOM,110.48
2022-11-02 14:00:00,ZION,50.32
2022-11-02 14:00:00,ZM,81.49
2022-11-02 14:00:00,ZS,143.75
2022-11-02 14:00:00,ZTS,150.33
2022-11-02 15:00:00,AAPL,560.4549617317
2022-11-02 15:00:00,ABBV,144.52
2022-11-02 15:00:00,ABNB,94.38
2022-11-02 15:00:00,ADBE,301.13
2022-11-02 15:00:00,ADI,141.21
2022-11-02 15:00:00,AEP,88.21
2022-11-02 15:00:00,AFRM,17.6
2022-11-02 15:00:00,AIG,57.25
2022-11-02 15:00:00,ALL,123.32
2022-11-02 15:00:00,AMAT,87.77
2022-11-02 15:00:00,AMC,1.499554433
2022-11-02 15:00:00,AMD,58.62
2022-11-02 15:00:00,AMGN,269.05
2022-11-02 15:00:00,AMP,308.82
2022-11-02 15:00:00,AMT,205.06
2022-11-02 15:00:00,AMZN,1804.7724290524
2022-11-02 15:00:00,APA,44.22
2022-11-02 15:00:00,ARE,142.47
2022-11-02 15:00:00,ASML,446.89
2022-11-02 15:00:00,AVB,171.18
2022-11-02 15:00:00,AVGO,455.95
2022-11-02 15:00:00,AWK,138.16
2022-11-02 15:00:00,AXP,143.51
2022-11-02 15:00:00,BA,147.31
2022-11-02 15:00:00,BAC,36.08
2022-11-02 15:00:00,BB,4.4
2022-11-02 15:00:00,BEN,22.55
2022-11-02 15:00:00,BIIB,278.27
2022-11-02 15:00:00,BK,42.04
2022-11-02 15:00:00,BKR,27.59
2022-11-02 15:00:00,BLK,637.91
2022-11-02 15:00:00,BMY,77.425
2022-11-02 15:00:00,C,45.545
2022-11-02 15:00:00,CAG,35.9
2022-11-02 15:00:00,CAT,214.46
2022-11-02 15:00:00,CB,210.46
2022-11-02 15:00:00,CCI,128.79
2022-11-02 15:00:00,CFG,39.56
2022-11-02 15:00:00,CHD,72.455
2022-11-02 15:00:00,CI,320.9
2022-11-02 15:00:00,CINF,98.99
2022-11-02 15:00:00,CL,72.76
2022-11-02 15:00:00,CLOV,1.48
2022-11-02 15:00:00,CLX,137.74
2022-11-02 15:00:00,CMCSA,30.89
2022-11-02 15:00:00,CME,172.84
2022-11-02 15:00:00,CMI,241.24
2022-11-02 15:00:00,COF,103.11
2022-11-02 15:00:00,COIN,60.71
2022-11-02 15:00:00,COP,126.5
2022-11-02 15:00:00,COST,483.4
2022-11-02 15:00:00,CPB,52.27
2022-11-02 15:00:00,CRM,149.98
2022-11-02 15:00:00,CRWD,148.0
2022-11-02 15:00:00,CSCO,44.56
2022-11-02 15:00:00,CSX,86.1383523447
2022-11-02 15:00:00,CTRA,30.64
2022-11-02 15:00:00,CVS,96.73
2022-11-02 15:00:00,CVX,178.42
2022-11-02 15:00:00,D,69.05
2022-11-02 15:00:00,DDOG,74.48
2022-11-02 15:00:00,DE,386.13
2022-11-02 15:00:00,DIS,101.81
2022-11-02 15:00:00,DKNG,15.92
2022-11-02 15:00:00,DLR,94.22
2022-11-02 15:00:00,DOCU,43.16
2022-11-02 15:00:00,DUK,92.85
2022-11-02 15:00:00,DVN,67.43
2022-11-02 15:00:00,ED,88.17
2022-11-02 15:00:00,EMR,84.99
2022-11-02 15:00:00,EOG,135.45
2022-11-02 15:00:00,EQR,61.81
2022-11-02 15:00:00,EQT,40.46
2022-11-02 15:00:00,ESS,216.37
2022-11-02 15:00:00,ETN,150.68
2022-11-02 15:00:00,EWBC,68.0
2022-11-02 15:00:00,FANG,154.81
2022-11-02 15:00:00,FDX,154.56
2022-11-02 15:00:00,FHN,24.33
2022-11-02 15:00:00,FITB,34.7
2022-11-02 15:00:00,GD,246.35
2022-11-02 15:00:00,GE,9.9917992048
2022-11-02 15:00:00,GILD,77.875
2022-11-02 15:00:00,GIS,79.79
2022-11-02 15:00:00,GME,114.7432387312
2022-11-02 15:00:00,GOOGL,1784.9600220568
2022-11-02 15:00:00,GS,350.48
2022-11-02 15:00:00,HAL,35.785
2022-11-02 15:00:00,HBAN,14.97
2022-11-02 15:00:00,HIG,72.35
2022-11-02 15:00:00,HON,200.46
2022-11-02 15:00:00,HOOD,11.41
2022-11-02 15:00:00,HRL,46.27
2022-11-02 15:00:00,HSY,234.98
2022-11-02 15:00:00,HUM,559.58
2022-11-02 15:00:00,IBM,136.84
2022-11-02 15:00:00,ICE,467.6973224658
2022-11-02 15:00:00,INTC,27.425
2022-11-02 15:00:00,ITW,209.41
2022-11-02 15:00:00,IVZ,15.42
2022-11-02 15:00:00,JNJ,170.39
2022-11-02 15:00:00,JPM,126.98
2022-11-02 15:00:00,KEY,17.805
2022-11-02 15:00:00,KHC,38.12
2022-11-02 15:00:00,KLAC,312.53
2022-11-02 15:00:00,KMB,122.22
2022-11-02 15:00:00,KMI,17.89
2022-11-02 15:00:00,KO,58.785
2022-11-02 15:00:00,LCID,13.32
2022-11-02 15:00:00,LLY,354.94
2022-11-02 15:00:00,LMT,481.95
2022-11-02 15:00:00,LNC,52.08
2022-11-02 15:00:00,LRCX,395.28
2022-11-02 15:00:00,LW,86.12
2022-11-02 15:00:00,MA,319.63
2022-11-02 15:00:00,MAA,153.21
2022-11-02 15:00:00,MARA,0.1844617412
2022-11-02 15:00:00,MCD,270.31
2022-11-02 15:00:00,MCHP,60.64
2022-11-02 15:00:00,MCO,256.2
2022-11-02 15:00:00,MDB,163.3
2022-11-02 15:00:00,MDLZ,62.58
2022-11-02 15:00:00,MET,73.58
2022-11-02 15:00:00,META,90.52
2022-11-02 15:00:00,MKC,77.24
2022-11-02 15:00:00,MMM,122.8
2022-11-02 15:00:00,MO,44.83
2022-11-02 15:00:00,MPC,114.74
2022-11-02 15:00:00,MRK,99.43
2022-11-02 15:00:00,MRVL,39.05
2022-11-02 15:00:00,MS,84.33
2022-11-02 15:00:00,MSCI,453.56
2022-11-02 15:00:00,MSFT,220.07
2022-11-02 15:00:00,MTB,163.67
2022-11-02 15:00:00,MU,53.47
2022-11-02 15:00:00,NDAQ,185.1502462312
2022-11-02 15:00:00,NEE,308.560820797
2022-11-02 15:00:00,NET,49.93
2022-11-02 15:00:00,NFLX,272.92
2022-11-02 15:00:00,NOC,530.23
2022-11-02 15:00:00,NOK,4.335
2022-11-02 15:00:00,NSC,225.4
2022-11-02 15:00:00,NVDA,534.6521849462
2022-11-02 15:00:00,NXPI,148.61
2022-11-02 15:00:00,O,61.09
2022-11-02 15:00:00,OKTA,50.91
2022-11-02 15:00:00,ON,60.1
2022-11-02 15:00:00,OPEN,2.3
2022-11-02 15:00:00,ORCL,75.08
2022-11-02 15:00:00,OXY,71.09
2022-11-02 15:00:00,PANW,487.7362271779
2022-11-02 15:00:00,PATH,11.13
2022-11-02 15:00:00,PEG,56.59
2022-11-02 15:00:00,PEP,178.18
2022-11-02 15:00:00,PFE,47.06
2022-11-02 15:00:00,PFG,86.77
2022-11-02 15:00:00,PG,132.88
2022-11-02 15:00:00,PH,283.46
2022-11-02 15:00:00,PLTR,8.215
2022-11-02 15:00:00,PM,89.37
2022-11-02 15:00:00,PNC,158.65
2022-11-02 15:00:00,PRU,105.29
2022-11-02 15:00:00,PSA,282.92
2022-11-02 15:00:00,PSX,103.17
2022-11-02 15:00:00,PYPL,79.45
2022-11-02 15:00:00,QCOM,112.57
2022-11-02 15:00:00,REGN,740.51
2022-11-02 15:00:00,RF,21.86
2022-11-02 15:00:00,RIOT,0.6533333333
2022-11-02 15:00:00,RIVN,31.52
2022-11-02 15:00:00,ROKU,54.25
2022-11-02 15:00:00,RTX,94.12
2022-11-02 15:00:00,SCHW,78.92
2022-11-02 15:00:00,SHOP,355.1233424242
2022-11-02 15:00:00,SJM,149.22
2022-11-02 15:00:00,SLB,51.12
2022-11-02 15:00:00,SNOW,14.1382262874
2022-11-02 15:00:00,SO,64.78
2022-11-02 15:00:00,SOFI,5.1199
2022-11-02 15:00:00,SPCE,4.535
2022-11-02 15:00:00,SPG,111.49
2022-11-02 15:00:00,SPGI,310.57
2022-11-02 15:00:00,SPLK,76.745
2022-11-02 15:00:00,SQ,54.63
2022-11-02 15:00:00,STM,30.26
2022-11-02 15:00:00,STT,73.85
2022-11-02 15:00:00,SYY,81.41
2022-11-02 15:00:00,T,18.42
2022-11-02 15:00:00,TAP,49.34
2022-11-02 15:00:00,TEAM,172.37
2022-11-02 15:00:00,TFC,43.92
2022-11-02 15:00:00,TROW,104.66
2022-11-02 15:00:00,TRV,182.32
2022-11-02 15:00:00,TSLA,2865.9875521752
2022-11-02 15:00:00,TSN,67.42
2022-11-02 15:00:00,TWLO,67.5
2022-11-02 15:00:00,TXN,158.4
2022-11-02 15:00:00,UBER,28.8
2022-11-02 15:00:00,UNH,543.24
2022-11-02 15:00:00,UNP,192.52
2022-11-02 15:00:00,UPS,164.55
2022-11-02 15:00:00,UPST,20.44
2022-11-02 15:00:00,USB,41.73
2022-11-02 15:00:00,V,200.78
2022-11-02 15:00:00,VLO,125.8
2022-11-02 15:00:00,VRTX,309.96
2022-11-02 15:00:00,VTR,37.36
2022-11-02 15:00:00,VZ,37.7
2022-11-02 15:00:00,WAL,64.64
2022-11-02 15:00:00,WEC,90.24
2022-11-02 15:00:00,WELL,58.86
2022-11-02 15:00:00,WFC,46.9
2022-11-02 15:00:00,WM,155.23
2022-11-02 15:00:00,WMB,33.05
2022-11-02 15:00:00,WMT,140.7
2022-11-02 15:00:00,WRB,74.27
2022-11-02 15:00:00,XEL,65.31
2022-11-02 15:00:00,XOM,109.57
2022-11-02 15:00:00,ZION,49.47
2022-11-02 15:00:00,ZM,78.6
2022-11-02 15:00:00,ZS,138.06
2022-11-02 15:00:00,ZTS,147.35
2022-11-02 16:00:00,AAPL,558.0973482799
2022-11-02 16:00:00,ABBV,144.52
2022-11-02 16:00:00,ABNB,94.78
2022-11-02 16:00:00,ADBE,301.22
2022-11-02 16:00:00,ADI,141.52
2022-11-02 16:00:00,AEP,88.21
2022-11-02 16:00:00,AFRM,17.6
2022-11-02 16:00:00,AIG,57.28
2022-11-02 16:00:00,ALL,123.34
2022-11-02 16:00:00,AMAT,87.26
2022-11-02 16:00:00,AMC,1.5105023474
2022-11-02 16:00:00,AMD,58.24
2022-11-02 16:00:00,AMGN,269.01
2022-11-02 16:00:00,AMP,308.77
2022-11-02 16:00:00,AMT,205.19
2022-11-02 16:00:00,AMZN,1803.7924266474
2022-11-02 16:00:00,APA,44.24
2022-11-02 16:00:00,ARE,142.38
2022-11-02 16:00:00,ASML,448.0
2022-11-02 16:00:00,AVB,171.18
2022-11-02 16:00:00,AVGO,455.74
2022-11-02 16:00:00,AWK,138.16
2022-11-02 16:00:00,AXP,143.5
2022-11-02 16:00:00,BA,147.3
2022-11-02 16:00:00,BAC,36.06
2022-11-02 16:00:00,BB,4.41
2022-11-02 16:00:00,BEN,22.56
2022-11-02 16:00:00,BIIB,278.37
2022-11-02 16:00:00,BK,42.04
2022-11-02 16:00:00,BKR,27.59
2022-11-02 16:00:00,BLK,638.81
2022-11-02 16:00:00,BMY,77.45
2022-11-02 16:00:00,C,45.58
2022-11-02 16:00:00,CAG,35.91
2022-11-02 16:00:00,CAT,214.54
2022-11-02 16:00:00,CB,210.54
2022-11-02 16:00:00,CCI,128.84
2022-11-02 16:00:00,CFG,39.56
2022-11-02 16:00:00,CHD,72.47
2022-11-02 16:00:00,CI,320.86
2022-11-02 16:00:00,CINF,99.05
2022-11-02 16:00:00,CL,72.77
2022-11-02 16:00:00,CLOV,1.49
2022-11-02 16:00:00,CLX,137.68
2022-11-02 16:00:00,CMCSA,30.91
2022-11-02 16:00:00,CME,172.88
2022-11-02 16:00:00,CMI,241.25
2022-11-02 16:00:00,COF,103.21
2022-11-02 16:00:00,COIN,60.72
2022-11-02 16:00:00,COP,126.51
2022-11-02 16:00:00,COST,483.51
2022-11-02 16:00:00,CPB,52.26
2022-11-02 16:00:00,CRM,150.0
2022-11-02 16:00:00,CRWD,148.31
2022-11-02 16:00:00,CSCO,44.47
2022-11-02 16:00:00,CSX,86.1685551331
2022-11-02 16:00:00,CTRA,30.68
2022-11-02 16:00:00,CVS,96.8
2022-11-02 16:00:00,CVX,178.42
2022-11-02 16:00:00,D,69.04
2022-11-02 16:00:00,DDOG,74.5
2022-11-02 16:00:00,DE,385.95
2022-11-02 16:00:00,DIS,101.0
2022-11-02 16:00:00,DKNG,15.86
2022-11-02 16:00:00,DLR,94.23
2022-11-02 16:00:00,DOCU,43.16
2022-11-02 16:00:00,DUK,92.84
2022-11-02 16:00:00,DVN,67.51
2022-11-02 16:00:00,ED,88.21
2022-11-02 16:00:00,EMR,84.95
2022-11-02 16:00:00,EOG,135.59
2022-11-02 16:00:00,EQR,61.85
2022-11-02 16:00:00,EQT,40.47
2022-11-02 16:00:00,ESS,216.32
2022-11-02 16:00:00,ETN,150.61
2022-11-02 16:00:00,EWBC,68.0
2022-11-02 16:00:00,FANG,154.83
2022-11-02 16:00:00,FDX,154.56
2022-11-02 16:00:00,FHN,24.35
2022-11-02 16:00:00,FITB,34.71
2022-11-02 16:00:00,GD,246.37
2022-11-02 16:00:00,GE,9.9789065606
2022-11-02 16:00:00,GILD,77.96
2022-11-02 16:00:00,GIS,79.81
2022-11-02 16:00:00,GME,114.6303906511
2022-11-02 16:00:00,GOOGL,1781.8789633306
2022-11-02 16:00:00,GS,349.5
2022-11-02 16:00:00,HAL,35.69
2022-11-02 16:00:00,HBAN,14.98
2022-11-02 16:00:00,HIG,72.37
2022-11-02 16:00:00,HON,200.46
2022-11-02 16:00:00,HOOD,11.41
2022-11-02 16:00:00,HRL,46.31
2022-11-02 16:00:00,HSY,235.11
2022-11-02 16:00:00,HUM,559.58
2022-11-02 16:00:00,IBM,136.83
2022-11-02 16:00:00,ICE,467.6973224658
2022-11-02 16:00:00,INTC,27.39
2022-11-02 16:00:00,ITW,209.57
2022-11-02 16:00:00,IVZ,15.43
2022-11-02 16:00:00,JNJ,170.43
2022-11-02 16:00:00,JPM,126.93
2022-11-02 16:00:00,KEY,17.8
2022-11-02 16:00:00,KHC,38.12
2022-11-02 16:00:00,KLAC,312.43
2022-11-02 16:00:00,KMB,122.22
2022-11-02 16:00:00,KMI,17.89
2022-11-02 16:00:00,KO,58.81
2022-11-02 16:00:00,LCID,13.36
2022-11-02 16:00:00,LLY,354.96
2022-11-02 16:00:00,LMT,482.06
2022-11-02 16:00:00,LNC,52.1
2022-11-02 16:00:00,LRCX,395.52
2022-11-02 16:00:00,LW,86.17
2022-11-02 16:00:00,MA,319.82
2022-11-02 16:00:00,MAA,153.21
2022-11-02 16:00:00,MARA,0.1848859271
2022-11-02 16:00:00,MCD,270.1
2022-11-02 16:00:00,MCHP,60.49
2022-11-02 16:00:00,MDB,163.22
2022-11-02 16:00:00,MDLZ,62.58
2022-11-02 16:00:00,MET,73.57
2022-11-02 16:00:00,META,90.57
2022-11-02 16:00:00,MKC,77.23
2022-11-02 16:00:00,MMM,122.86
2022-11-02 16:00:00,MO,44.91
2022-11-02 16:00:00,MPC,114.73
2022-11-02 16:00:00,MRK,99.4
2022-11-02 16:00:00,MRVL,39.0
2022-11-02 16:00:00,MS,84.01
2022-11-02 16:00:00,MSCI,453.74
2022-11-02 16:00:00,MSFT,219.9
2022-11-02 16:00:00,MTB,163.71
2022-11-02 16:00:00,MU,53.3
2022-11-02 16:00:00,NDAQ,185.1807437186
2022-11-02 16:00:00,NEE,308.6406967538
2022-11-02 16:00:00,NET,49.94
2022-11-02 16:00:00,NFLX,270.29
2022-11-02 16:00:00,NOC,530.3
2022-11-02 16:00:00,NOK,4.34
2022-11-02 16:00:00,NSC,225.4
2022-11-02 16:00:00,NVDA,532.549483871
2022-11-02 16:00:00,NXPI,148.61
2022-11-02 16:00:00,O,61.07
2022-11-02 16:00:00,OKTA,50.93
2022-11-02 16:00:00,ON,60.11
2022-11-02 16:00:00,OPEN,2.3
2022-11-02 16:00:00,ORCL,75.12
2022-11-02 16:00:00,OXY,71.0
2022-11-02 16:00:00,PANW,487.7392420081
2022-11-02 16:00:00,PATH,11.22
2022-11-02 16:00:00,PEG,56.61
2022-11-02 16:00:00,PEP,178.24
2022-11-02 16:00:00,PFE,47.07
2022-11-02 16:00:00,PFG,86.79
2022-11-02 16:00:00,PG,132.94
2022-11-02 16:00:00,PH,283.55
2022-11-02 16:00:00,PLTR,8.21
2022-11-02 16:00:00,PM,89.38
2022-11-02 16:00:00,PNC,158.73
2022-11-02 16:00:00,PRU,105.29
2022-11-02 16:00:00,PSA,283.02
2022-11-02 16:00:00,PSX,103.24
2022-11-02 16:00:00,PYPL,79.6
2022-11-02 16:00:00,QCOM,104.0
2022-11-02 16:00:00,REGN,740.48
2022-11-02 16:00:00,RF,21.85
2022-11-02 16:00:00,RIOT,0.6522222222
2022-11-02 16:00:00,RIVN,31.62
2022-11-02 16:00:00,ROKU,42.98
2022-11-02 16:00:00,RTX,94.15
2022-11-02 16:00:00,SCHW,78.93
2022-11-02 16:00:00,SHOP,354.5937818182
2022-11-02 16:00:00,SJM,149.26
2022-11-02 16:00:00,SLB,51.12
2022-11-02 16:00:00,SNOW,14.1391832541
2022-11-02 16:00:00,SOFI,5.14
2022-11-02 16:00:00,SPCE,4.54
2022-11-02 16:00:00,SPG,111.61
2022-11-02 16:00:00,SPGI,310.74
2022-11-02 16:00:00,SPLK,76.76
2022-11-02 16:00:00,SQ,54.45
2022-11-02 16:00:00,STM,30.18
2022-11-02 16:00:00,STT,73.88
2022-11-02 16:00:00,SYY,81.45
2022-11-02 16:00:00,T,18.41
2022-11-02 16:00:00,TEAM,172.4
2022-11-02 16:00:00,TFC,43.91
2022-11-02 16:00:00,TROW,104.66
2022-11-02 16:00:00,TRV,182.31
2022-11-02 16:00:00,TSLA,2858.2510131253
2022-11-02 16:00:00,TSN,67.44
2022-11-02 16:00:00,TWLO,67.35
2022-11-02 16:00:00,TXN,158.49
2022-11-02 16:00:00,UBER,28.75
2022-11-02 16:00:00,UNH,543.43
2022-11-02 16:00:00,UNP,192.0
2022-11-02 16:00:00,UPS,164.58
2022-11-02 16:00:00,UPST,20.45
2022-11-02 16:00:00,USB,41.75
2022-11-02 16:00:00,V,202.08
2022-11-02 16:00:00,VLO,125.83
2022-11-02 16:00:00,VRTX,310.01
2022-11-02 16:00:00,VTR,37.37
2022-11-02 16:00:00,VZ,37.63
2022-11-02 16:00:00,WAL,64.65
2022-11-02 16:00:00,WEC,90.25
2022-11-02 16:00:00,WELL,58.86
2022-11-02 16:00:00,WFC,46.87
2022-11-02 16:00:00,WM,155.22
2022-11-02 16:00:00,WMB,33.04
2022-11-02 16:00:00,WMT,140.75
2022-11-02 16:00:00,WRB,74.33
2022-11-02 16:00:00,XEL,65.31
2022-11-02 16:00:00,XOM,109.53
2022-11-02 16:00:00,ZION,49.49
2022-11-02 16:00:00,ZM,78.6
2022-11-02 16:00:00,ZS,144.4
2022-11-02 16:00:00,ZTS,147.36
2022-11-02 20:00:00,QQQ,265.6799926758
2022-11-02 20:00:00,SPY,374.8699951172
