timestamp,symbol,price
2018-12-27 09:00:00,AAPL,153.6299
2018-12-27 09:00:00,ABBV,88.6
2018-12-27 09:00:00,ADBE,220.14
2018-12-27 09:00:00,ADI,83.59
2018-12-27 09:00:00,AEP,73.41
2018-12-27 09:00:00,AIG,37.96
2018-12-27 09:00:00,ALL,80.12
2018-12-27 09:00:00,AMAT,30.86
2018-12-27 09:00:00,AMC,12.26
2018-12-27 09:00:00,AMD,17.44
2018-12-27 09:00:00,AMGN,184.54
2018-12-27 09:00:00,AMP,101.54
2018-12-27 09:00:00,AMT,154.1275
2018-12-27 09:00:00,AMZN,1443.0168
2018-12-27 09:00:00,APA,26.26
2018-12-27 09:00:00,ARE,112.07
2018-12-27 09:00:00,ASML,151.07
2018-12-27 09:00:00,AVB,169.89
2018-12-27 09:00:00,AVGO,246.71
2018-12-27 09:00:00,AWK,87.42
2018-12-27 09:00:00,AXP,92.21
2018-12-27 09:00:00,BA,307.25
2018-12-27 09:00:00,BAC,24.1051
2018-12-27 09:00:00,BB,7.045
2018-12-27 09:00:00,BEN,28.55
2018-12-27 09:00:00,BIIB,289.66
2018-12-27 09:00:00,BK,45.67
2018-12-27 09:00:00,BKR,20.78
2018-12-27 09:00:00,BLK,374.957
2018-12-27 09:00:00,BMY,48.875
2018-12-27 09:00:00,C,51.15
2018-12-27 09:00:00,CAG,20.59
2018-12-27 09:00:00,CAT,123.45
2018-12-27 09:00:00,CB,123.83
2018-12-27 09:00:00,CCI,105.62
2018-12-27 09:00:00,CFG,29.2
2018-12-27 09:00:00,CHD,63.65
2018-12-27 09:00:00,CI,184.59
2018-12-27 09:00:00,CINF,74.075
2018-12-27 09:00:00,CL,58.25
2018-12-27 09:00:00,CLX,148.08
2018-12-27 09:00:00,CMCSA,33.6
2018-12-27 09:00:00,CME,179.85
2018-12-27 09:00:00,CMI,127.98
2018-12-27 09:00:00,COF,73.35
2018-12-27 09:00:00,COP,60.01
2018-12-27 09:00:00,COST,195.3824
2018-12-27 09:00:00,CPB,32.89
2018-12-27 09:00:00,CRM,130.5303
2018-12-27 09:00:00,CSCO,41.73
2018-12-27 09:00:00,CSX,60.67
2018-12-27 09:00:00,CTRA,23.1
2018-12-27 09:00:00,CVS,63.68
2018-12-27 09:00:00,CVX,105.98
2018-12-27 09:00:00,D,71.7
2018-12-27 09:00:00,DE,141.36
2018-12-27 09:00:00,DIS,103.69
2018-12-27 09:00:00,DLR,103.01
2018-12-27 09:00:00,DOCU,39.27
2018-12-27 09:00:00,DUK,84.375
2018-12-27 09:00:00,DVN,22.21
2018-12-27 09:00:00,ED,75.085
2018-12-27 09:00:00,EMR,57.48
2018-12-27 09:00:00,EOG,86.39
2018-12-27 09:00:00,EQR,64.28
2018-12-27 09:00:00,EQT,19.31
2018-12-27 09:00:00,ESS,239.89
2018-12-27 09:00:00,ETN,66.72
2018-12-27 09:00:00,EWBC,42.65
2018-12-27 09:00:00,FANG,90.73
2018-12-27 09:00:00,FDX,157.4541
2018-12-27 09:00:00,FHN,12.88
2018-12-27 09:00:00,FITB,23.28
2018-12-27 09:00:00,GD,150.2
2018-12-27 09:00:00,GE,7.185
2018-12-27 09:00:00,GILD,61.3
2018-12-27 09:00:00,GIS,37.41
2018-12-27 09:00:00,GME,12.04
2018-12-27 09:00:00,GOOGL,1031.8468
2018-12-27 09:00:00,GS,161.8903
2018-12-27 09:00:00,HAL,25.873
2018-12-27 09:00:00,HBAN,11.67
2018-12-27 09:00:00,HIG,42.33
2018-12-27 09:00:00,HON,127.45
2018-12-27 09:00:00,HRL,41.31
2018-12-27 09:00:00,HSY,103.43
2018-12-27 09:00:00,HUM,279.31
2018-12-27 09:00:00,IBM,110.58
2018-12-27 09:00:00,ICE,364.0778522016
2018-12-27 09:00:00,INTC,45.56
2018-12-27 09:00:00,ITW,121.37
2018-12-27 09:00:00,IVZ,16.34
2018-12-27 09:00:00,JNJ,123.89
2018-12-27 09:00:00,JPM,94.77
2018-12-27 09:00:00,KEY,14.45
2018-12-27 09:00:00,KHC,42.56
2018-12-27 09:00:00,KLAC,85.98
2018-12-27 09:00:00,KMB,109.07
2018-12-27 09:00:00,KMI,15.41
2018-12-27 09:00:00,KO,46.17
2018-12-27 09:00:00,LLY,109.41
2018-12-27 09:00:00,LMT,249.65
2018-12-27 09:00:00,LNC,50.13
2018-12-27 09:00:00,LRCX,129.975
2018-12-27 09:00:00,LW,71.86
2018-12-27 09:00:00,MA,183.07
2018-12-27 09:00:00,MAA,92.88
2018-12-27 09:00:00,MARA,0.0276619635
2018-12-27 09:00:00,MCD,171.78
2018-12-27 09:00:00,MCHP,69.83
2018-12-27 09:00:00,MCO,136.16
2018-12-27 09:00:00,MDB,79.37
2018-12-27 09:00:00,MDLZ,39.2
2018-12-27 09:00:00,MET,39.81
2018-12-27 09:00:00,META,132.92
2018-12-27 09:00:00,MKC,135.71
2018-12-27 09:00:00,MMM,184.1
2018-12-27 09:00:00,MO,47.64
2018-12-27 09:00:00,MPC,57.55
2018-12-27 09:00:00,MRK,73.0
2018-12-27 09:00:00,MRVL,15.51
2018-12-27 09:00:00,MS,38.98
2018-12-27 09:00:00,MSCI,139.485
2018-12-27 09:00:00,MSFT,98.72
2018-12-27 09:00:00,MTB,139.49
2018-12-27 09:00:00,MU,31.27
2018-12-27 09:00:00,NDAQ,78.34
2018-12-27 09:00:00,NEE,168.5775
2018-12-27 09:00:00,NFLX,249.22
2018-12-27 09:00:00,NOC,231.59
2018-12-27 09:00:00,NOK,5.54
2018-12-27 09:00:00,NSC,145.02
2018-12-27 09:00:00,NVDA,131.67
2018-12-27 09:00:00,NXPI,71.39
2018-12-27 09:00:00,O,61.48
2018-12-27 09:00:00,OKTA,58.77
2018-12-27 09:00:00,ON,15.91
2018-12-27 09:00:00,ORCL,43.92
2018-12-27 09:00:00,OXY,59.58
2018-12-27 09:00:00,PANW,181.86
2018-12-27 09:00:00,PEG,50.04
2018-12-27 09:00:00,PEP,106.495
2018-12-27 09:00:00,PFE,41.48
2018-12-27 09:00:00,PFG,43.0348
2018-12-27 09:00:00,PG,88.38
2018-12-27 09:00:00,PH,145.46
2018-12-27 09:00:00,PM,66.247
2018-12-27 09:00:00,PNC,113.73
2018-12-27 09:00:00,PRU,79.7
2018-12-27 09:00:00,PSA,197.05
2018-12-27 09:00:00,PSX,83.74
2018-12-27 09:00:00,PYPL,82.0
2018-12-27 09:00:00,QCOM,55.685
2018-12-27 09:00:00,REGN,355.06
2018-12-27 09:00:00,RF,13.26
2018-12-27 09:00:00,RIOT,0.18
2018-12-27 09:00:00,ROKU,30.6973
2018-12-27 09:00:00,RTX,103.572
2018-12-27 09:00:00,SCHW,40.06
2018-12-27 09:00:00,SHOP,127.22
2018-12-27 09:00:00,SJM,92.175
2018-12-27 09:00:00,SLB,35.87
2018-12-27 09:00:00,SO,43.14
2018-12-27 09:00:00,SPCE,9.98
2018-12-27 09:00:00,SPG,164.5
2018-12-27 09:00:00,SPGI,163.41
2018-12-27 09:00:00,SPLK,98.88
2018-12-27 09:00:00,SQ,54.629
2018-12-27 09:00:00,STM,13.57
2018-12-27 09:00:00,STT,61.4999
2018-12-27 09:00:00,SYY,60.247
2018-12-27 09:00:00,T,27.44
2018-12-27 09:00:00,TAP,55.19
2018-12-27 09:00:00,TEAM,84.19
2018-12-27 09:00:00,TFC,42.355
2018-12-27 09:00:00,TROW,88.92
2018-12-27 09:00:00,TRV,115.65
2018-12-27 09:00:00,TSLA,315.58
2018-12-27 09:00:00,TSN,51.27
2018-12-27 09:00:00,TWLO,82.993
2018-12-27 09:00:00,TXN,91.52
2018-12-27 09:00:00,UNH,240.37
2018-12-27 09:00:00,UNP,133.99
2018-12-27 09:00:00,UPS,94.85
2018-12-27 09:00:00,USB,44.74
2018-12-27 09:00:00,V,128.23
2018-12-27 09:00:00,VLO,72.74
2018-12-27 09:00:00,VRTX,158.14
2018-12-27 09:00:00,VTR,58.09
2018-12-27 09:00:00,VZ,53.61
2018-12-27 09:00:00,WAL,38.71
2018-12-27 09:00:00,WEC,67.85
2018-12-27 09:00:00,WELL,67.64
2018-12-27 09:00:00,WFC,44.9115
2018-12-27 09:00:00,WM,85.51
2018-12-27 09:00:00,WMB,21.17
2018-12-27 09:00:00,WMT,88.678
2018-12-27 09:00:00,WRB,71.06
2018-12-27 09:00:00,XEL,48.46
2018-12-27 09:00:00,XOM,67.17
2018-12-27 09:00:00,ZION,40.02
2018-12-27 09:00:00,ZS,38.47
2018-12-27 09:00:00,ZTS,81.565
2018-12-27 10:00:00,AAPL,151.675
2018-12-27 10:00:00,ABBV,89.08
2018-12-27 10:00:00,ADBE,217.1
2018-12-27 10:00:00,ADI,83.23
2018-12-27 10:00:00,AEP,73.95
2018-12-27 10:00:00,AIG,38.11
2018-12-27 10:00:00,ALL,79.85
2018-12-27 10:00:00,AMAT,30.75
2018-12-27 10:00:00,AMC,12.17
2018-12-27 10:00:00,AMD,17.0699
2018-12-27 10:00:00,AMGN,185.35
2018-12-27 10:00:00,AMP,101.4
2018-12-27 10:00:00,AMT,155.63
2018-12-27 10:00:00,AMZN,1422.9
2018-12-27 10:00:00,APA,25.89
2018-12-27 10:00:00,ARE,111.985
2018-12-27 10:00:00,ASML,149.95
2018-12-27 10:00:00,AVB,169.85
2018-12-27 10:00:00,AVGO,245.72
2018-12-27 10:00:00,AWK,87.97
2018-12-27 10:00:00,AXP,92.25
2018-12-27 10:00:00,BA,305.67
2018-12-27 10:00:00,BAC,23.87
2018-12-27 10:00:00,BB,6.98
2018-12-27 10:00:00,BEN,28.72
2018-12-27 10:00:00,BIIB,288.64
2018-12-27 10:00:00,BK,45.94
2018-12-27 10:00:00,BKR,20.73
2018-12-27 10:00:00,BLK,377.6563
2018-12-27 10:00:00,BMY,49.06
2018-12-27 10:00:00,C,50.72
2018-12-27 10:00:00,CAG,20.43
2018-12-27 10:00:00,CAT,121.61
2018-12-27 10:00:00,CB,124.49
2018-12-27 10:00:00,CCI,106.25
2018-12-27 10:00:00,CFG,29.115
2018-12-27 10:00:00,CHD,64.35
2018-12-27 10:00:00,CI,185.6
2018-12-27 10:00:00,CINF,74.47
2018-12-27 10:00:00,CL,58.34
2018-12-27 10:00:00,CLX,149.93
2018-12-27 10:00:00,CMCSA,33.575
2018-12-27 10:00:00,CME,180.28
2018-12-27 10:00:00,CMI,128.62
2018-12-27 10:00:00,COF,73.37
2018-12-27 10:00:00,COP,59.9
2018-12-27 10:00:00,COST,196.25
2018-12-27 10:00:00,CPB,32.92
2018-12-27 10:00:00,CRM,129.46
2018-12-27 10:00:00,CSCO,41.56
2018-12-27 10:00:00,CSX,60.27
2018-12-27 10:00:00,CTRA,22.97
2018-12-27 10:00:00,CVS,63.81
2018-12-27 10:00:00,CVX,106.05
2018-12-27 10:00:00,D,72.23
2018-12-27 10:00:00,DE,140.72
2018-12-27 10:00:00,DIS,103.3
2018-12-27 10:00:00,DLR,103.855
2018-12-27 10:00:00,DOCU,39.485
2018-12-27 10:00:00,DUK,84.86
2018-12-27 10:00:00,DVN,21.975
2018-12-27 10:00:00,ED,75.6825
2018-12-27 10:00:00,EMR,57.6287
2018-12-27 10:00:00,EOG,85.85
2018-12-27 10:00:00,EQR,64.41
2018-12-27 10:00:00,EQT,18.99
2018-12-27 10:00:00,ESS,240.79
2018-12-27 10:00:00,ETN,67.08
2018-12-27 10:00:00,EWBC,42.29
2018-12-27 10:00:00,FANG,89.86
2018-12-27 10:00:00,FDX,156.363
2018-12-27 10:00:00,FHN,12.86
2018-12-27 10:00:00,FITB,23.19
2018-12-27 10:00:00,GD,151.55
2018-12-27 10:00:00,GE,7.0752
2018-12-27 10:00:00,GILD,61.38
2018-12-27 10:00:00,GIS,37.99
2018-12-27 10:00:00,GME,11.88
2018-12-27 10:00:00,GOOGL,1027.34
2018-12-27 10:00:00,GS,160.91
2018-12-27 10:00:00,HAL,25.6334
2018-12-27 10:00:00,HBAN,11.67
2018-12-27 10:00:00,HIG,42.72
2018-12-27 10:00:00,HON,127.9475
2018-12-27 10:00:00,HRL,41.56
2018-12-27 10:00:00,HSY,104.38
2018-12-27 10:00:00,HUM,280.37
2018-12-27 10:00:00,IBM,110.75
2018-12-27 10:00:00,ICE,365.6046973955
2018-12-27 10:00:00,INTC,45.08
2018-12-27 10:00:00,ITW,122.16
2018-12-27 10:00:00,IVZ,16.27
2018-12-27 10:00:00,JNJ,123.87
2018-12-27 10:00:00,JPM,94.79
2018-12-27 10:00:00,KEY,14.4
2018-12-27 10:00:00,KHC,42.82
2018-12-27 10:00:00,KLAC,85.42
2018-12-27 10:00:00,KMB,109.98
2018-12-27 10:00:00,KMI,15.21
2018-12-27 10:00:00,KO,46.56
2018-12-27 10:00:00,LLY,109.47
2018-12-27 10:00:00,LMT,251.01
2018-12-27 10:00:00,LNC,50.19
2018-12-27 10:00:00,LRCX,129.26
2018-12-27 10:00:00,LW,72.21
2018-12-27 10:00:00,MA,182.785
2018-12-27 10:00:00,MAA,93.18
2018-12-27 10:00:00,MARA,0.0275201073
2018-12-27 10:00:00,MCD,172.27
2018-12-27 10:00:00,MCHP,69.95
2018-12-27 10:00:00,MCO,136.71
2018-12-27 10:00:00,MDB,78.63
2018-12-27 10:00:00,MDLZ,39.5
2018-12-27 10:00:00,MET,39.91
2018-12-27 10:00:00,META,131.3553
2018-12-27 10:00:00,MKC,137.33
2018-12-27 10:00:00,MMM,184.62
2018-12-27 10:00:00,MO,47.79
2018-12-27 10:00:00,MPC,57.35
2018-12-27 10:00:00,MRK,73.1
2018-12-27 10:00:00,MRVL,15.35
2018-12-27 10:00:00,MS,38.77
2018-12-27 10:00:00,MSCI,140.99
2018-12-27 10:00:00,MSFT,97.89
2018-12-27 10:00:00,MTB,139.21
2018-12-27 10:00:00,MU,31.0
2018-12-27 10:00:00,NDAQ,78.56
2018-12-27 10:00:00,NEE,169.28
2018-12-27 10:00:00,NFLX,245.5734
2018-12-27 10:00:00,NOC,232.93
2018-12-27 10:00:00,NOK,5.48
2018-12-27 10:00:00,NSC,144.79
2018-12-27 10:00:00,NVDA,127.465
2018-12-27 10:00:00,NXPI,70.9724
2018-12-27 10:00:00,O,62.05
2018-12-27 10:00:00,OKTA,57.79
2018-12-27 10:00:00,ON,15.84
2018-12-27 10:00:00,ORCL,43.75
2018-12-27 10:00:00,OXY,59.46
2018-12-27 10:00:00,PANW,178.88
2018-12-27 10:00:00,PEG,50.49
2018-12-27 10:00:00,PEP,107.45
2018-12-27 10:00:00,PFE,41.65
2018-12-27 10:00:00,PFG,43.01
2018-12-27 10:00:00,PG,89.24
2018-12-27 10:00:00,PH,145.86
2018-12-27 10:00:00,PM,66.37
2018-12-27 10:00:00,PNC,113.67
2018-12-27 10:00:00,PRU,79.54
2018-12-27 10:00:00,PSA,197.65
2018-12-27 10:00:00,PSX,83.73
2018-12-27 10:00:00,PYPL,81.12
2018-12-27 10:00:00,QCOM,55.19
2018-12-27 10:00:00,REGN,354.05
2018-12-27 10:00:00,RF,13.225
2018-12-27 10:00:00,RIOT,0.1777777778
2018-12-27 10:00:00,ROKU,29.36
2018-12-27 10:00:00,RTX,103.825
2018-12-27 10:00:00,SCHW,40.17
2018-12-27 10:00:00,SHOP,126.89
2018-12-27 10:00:00,SJM,92.71
2018-12-27 10:00:00,SLB,35.47
2018-12-27 10:00:00,SO,43.3
2018-12-27 10:00:00,SPG,164.545
2018-12-27 10:00:00,SPGI,163.99
2018-12-27 10:00:00,SPLK,99.08
2018-12-27 10:00:00,SQ,53.33
2018-12-27 10:00:00,STM,13.42
2018-12-27 10:00:00,STT,61.85
2018-12-27 10:00:00,SYY,60.52
2018-12-27 10:00:00,T,27.3551
2018-12-27 10:00:00,TAP,55.585
2018-12-27 10:00:00,TEAM,83.46
2018-12-27 10:00:00,TFC,42.24
2018-12-27 10:00:00,TROW,88.99
2018-12-27 10:00:00,TRV,115.68
2018-12-27 10:00:00,TSLA,308.84
2018-12-27 10:00:00,TSN,51.45
2018-12-27 10:00:00,TWLO,81.59
2018-12-27 10:00:00,TXN,90.93
2018-12-27 10:00:00,UNH,239.72
2018-12-27 10:00:00,UNP,133.605
2018-12-27 10:00:00,UPS,95.555
2018-12-27 10:00:00,USB,44.85
2018-12-27 10:00:00,V,127.85
2018-12-27 10:00:00,VLO,72.68
2018-12-27 10:00:00,VRTX,157.67
2018-12-27 10:00:00,VTR,58.27
2018-12-27 10:00:00,VZ,53.72
2018-12-27 10:00:00,WAL,38.56
2018-12-27 10:00:00,WEC,68.3
2018-12-27 10:00:00,WELL,67.88
2018-12-27 10:00:00,WFC,44.91
2018-12-27 10:00:00,WM,86.207
2018-12-27 10:00:00,WMB,20.765
2018-12-27 10:00:00,WMT,89.04
2018-12-27 10:00:00,WRB,71.285
2018-12-27 10:00:00,XEL,48.82
2018-12-27 10:00:00,XOM,66.88
2018-12-27 10:00:00,ZION,39.9
2018-12-27 10:00:00,ZS,38.53
2018-12-27 10:00:00,ZTS,82.05
2018-12-27 11:00:00,AAPL,152.554
2018-12-27 11:00:00,ABBV,88.18
2018-12-27 11:00:00,ADBE,217.62
2018-12-27 11:00:00,ADI,83.65
2018-12-27 11:00:00,AEP,74.135
2018-12-27 11:00:00,AIG,38.15
2018-12-27 11:00:00,ALL,80.27
2018-12-27 11:00:00,AMAT,31.09
2018-12-27 11:00:00,AMC,12.05
2018-12-27 11:00:00,AMD,16.98
2018-12-27 11:00:00,AMGN,186.61
2018-12-27 11:00:00,AMP,101.8
2018-12-27 11:00:00,AMT,155.65
2018-12-27 11:00:00,AMZN,1421.71
2018-12-27 11:00:00,APA,26.19
2018-12-27 11:00:00,ARE,112.34
2018-12-27 11:00:00,ASML,151.4717
2018-12-27 11:00:00,AVB,170.22
2018-12-27 11:00:00,AVGO,246.0
2018-12-27 11:00:00,AWK,88.56
2018-12-27 11:00:00,AXP,92.66
2018-12-27 11:00:00,BA,307.7
2018-12-27 11:00:00,BAC,23.845
2018-12-27 11:00:00,BB,7.03
2018-12-27 11:00:00,BEN,28.9
2018-12-27 11:00:00,BIIB,287.69
2018-12-27 11:00:00,BK,45.94
2018-12-27 11:00:00,BKR,20.94
2018-12-27 11:00:00,BLK,378.92
2018-12-27 11:00:00,BMY,49.4
2018-12-27 11:00:00,C,50.76
2018-12-27 11:00:00,CAG,20.585
2018-12-27 11:00:00,CAT,123.0124
2018-12-27 11:00:00,CB,125.4925
2018-12-27 11:00:00,CCI,106.15
2018-12-27 11:00:00,CFG,29.06
2018-12-27 11:00:00,CHD,65.03
2018-12-27 11:00:00,CI,186.61
2018-12-27 11:00:00,CINF,75.16
2018-12-27 11:00:00,CL,58.98
2018-12-27 11:00:00,CLX,151.35
2018-12-27 11:00:00,CMCSA,33.64
2018-12-27 11:00:00,CME,181.64
2018-12-27 11:00:00,CMI,130.1
2018-12-27 11:00:00,COF,73.43
2018-12-27 11:00:00,COP,60.52
2018-12-27 11:00:00,COST,197.5
2018-12-27 11:00:00,CPB,33.18
2018-12-27 11:00:00,CRM,129.9725
2018-12-27 11:00:00,CSCO,41.77
2018-12-27 11:00:00,CSX,60.59
2018-12-27 11:00:00,CTRA,22.88
2018-12-27 11:00:00,CVS,64.1
2018-12-27 11:00:00,CVX,106.6918
2018-12-27 11:00:00,D,72.56
2018-12-27 11:00:00,DE,142.54
2018-12-27 11:00:00,DIS,103.89
2018-12-27 11:00:00,DLR,103.69
2018-12-27 11:00:00,DOCU,39.505
2018-12-27 11:00:00,DUK,85.04
2018-12-27 11:00:00,DVN,22.23
2018-12-27 11:00:00,ED,76.05
2018-12-27 11:00:00,EMR,58.04
2018-12-27 11:00:00,EOG,86.2563
2018-12-27 11:00:00,EQR,64.56
2018-12-27 11:00:00,EQT,19.16
2018-12-27 11:00:00,ESS,241.48
2018-12-27 11:00:00,ETN,67.52
2018-12-27 11:00:00,EWBC,42.295
2018-12-27 11:00:00,FANG,89.74
2018-12-27 11:00:00,FDX,157.16
2018-12-27 11:00:00,FHN,12.85
2018-12-27 11:00:00,FITB,23.2
2018-12-27 11:00:00,GD,152.3506
2018-12-27 11:00:00,GE,7.06
2018-12-27 11:00:00,GILD,61.7642
2018-12-27 11:00:00,GIS,38.355
2018-12-27 11:00:00,GME,11.9006
2018-12-27 11:00:00,GOOGL,1021.78
2018-12-27 11:00:00,GS,160.898
2018-12-27 11:00:00,HAL,25.87
2018-12-27 11:00:00,HBAN,11.6832
2018-12-27 11:00:00,HIG,43.0
2018-12-27 11:00:00,HON,128.85
2018-12-27 11:00:00,HRL,41.95
2018-12-27 11:00:00,HSY,105.24
2018-12-27 11:00:00,HUM,278.265
2018-12-27 11:00:00,IBM,110.97
2018-12-27 11:00:00,ICE,367.7758066329
2018-12-27 11:00:00,INTC,45.48
2018-12-27 11:00:00,ITW,123.31
2018-12-27 11:00:00,IVZ,16.39
2018-12-27 11:00:00,JNJ,124.67
2018-12-27 11:00:00,JPM,94.85
2018-12-27 11:00:00,KEY,14.365
2018-12-27 11:00:00,KHC,43.105
2018-12-27 11:00:00,KLAC,86.56
2018-12-27 11:00:00,KMB,110.9825
2018-12-27 11:00:00,KMI,15.255
2018-12-27 11:00:00,KO,46.905
2018-12-27 11:00:00,LLY,110.21
2018-12-27 11:00:00,LMT,252.83
2018-12-27 11:00:00,LNC,50.17
2018-12-27 11:00:00,LRCX,130.5
2018-12-27 11:00:00,LW,72.76
2018-12-27 11:00:00,MA,183.07
2018-12-27 11:00:00,MAA,93.66
2018-12-27 11:00:00,MARA,0.0276619635
2018-12-27 11:00:00,MCD,172.82
2018-12-27 11:00:00,MCHP,69.83
2018-12-27 11:00:00,MCO,136.76
2018-12-27 11:00:00,MDB,79.65
2018-12-27 11:00:00,MDLZ,39.86
2018-12-27 11:00:00,MET,40.08
2018-12-27 11:00:00,META,131.75
2018-12-27 11:00:00,MKC,138.47
2018-12-27 11:00:00,MMM,185.92
2018-12-27 11:00:00,MO,47.92
2018-12-27 11:00:00,MPC,57.88
2018-12-27 11:00:00,MRK,73.59
2018-12-27 11:00:00,MRVL,15.38
2018-12-27 11:00:00,MS,38.825
2018-12-27 11:00:00,MSCI,141.52
2018-12-27 11:00:00,MSFT,98.2801
2018-12-27 11:00:00,MTB,139.12
2018-12-27 11:00:00,MU,31.13
2018-12-27 11:00:00,NDAQ,79.14
2018-12-27 11:00:00,NEE,169.95
2018-12-27 11:00:00,NFLX,246.69
2018-12-27 11:00:00,NOC,234.14
2018-12-27 11:00:00,NOK,5.52
2018-12-27 11:00:00,NSC,145.64
2018-12-27 11:00:00,NVDA,127.66
2018-12-27 11:00:00,NXPI,71.23
2018-12-27 11:00:00,O,62.24
2018-12-27 11:00:00,OKTA,58.77
2018-12-27 11:00:00,ON,15.9492
2018-12-27 11:00:00,ORCL,43.98
2018-12-27 11:00:00,OXY,59.73
2018-12-27 11:00:00,PANW,178.93
2018-12-27 11:00:00,PEG,50.61
2018-12-27 11:00:00,PEP,108.1
2018-12-27 11:00:00,PFE,41.82
2018-12-27 11:00:00,PFG,42.9938
2018-12-27 11:00:00,PG,90.055
2018-12-27 11:00:00,PH,146.68
2018-12-27 11:00:00,PM,66.26
2018-12-27 11:00:00,PNC,113.8
2018-12-27 11:00:00,PRU,79.6
2018-12-27 11:00:00,PSA,198.23
2018-12-27 11:00:00,PSX,84.145
2018-12-27 11:00:00,PYPL,81.37
2018-12-27 11:00:00,QCOM,55.36
2018-12-27 11:00:00,REGN,355.8
2018-12-27 11:00:00,RF,13.19
2018-12-27 11:00:00,RIOT,0.1822222222
2018-12-27 11:00:00,ROKU,29.39
2018-12-27 11:00:00,RTX,103.99
2018-12-27 11:00:00,SCHW,40.33
2018-12-27 11:00:00,SHOP,127.35
2018-12-27 11:00:00,SJM,93.36
2018-12-27 11:00:00,SLB,35.755
2018-12-27 11:00:00,SO,43.335
2018-12-27 11:00:00,SPCE,10.0
2018-12-27 11:00:00,SPG,164.35
2018-12-27 11:00:00,SPGI,164.94
2018-12-27 11:00:00,SPLK,98.59
2018-12-27 11:00:00,SQ,53.44
2018-12-27 11:00:00,STM,13.5379
2018-12-27 11:00:00,STT,61.77
2018-12-27 11:00:00,SYY,60.79
2018-12-27 11:00:00,T,27.5321
2018-12-27 11:00:00,TAP,55.4
2018-12-27 11:00:00,TEAM,83.88
2018-12-27 11:00:00,TFC,42.3
2018-12-27 11:00:00,TROW,89.05
2018-12-27 11:00:00,TRV,116.37
2018-12-27 11:00:00,TSLA,306.3782
2018-12-27 11:00:00,TSN,51.8
2018-12-27 11:00:00,TWLO,83.87
2018-12-27 11:00:00,TXN,91.63
2018-12-27 11:00:00,UNH,239.02
2018-12-27 11:00:00,UNP,133.96
2018-12-27 11:00:00,UPS,95.9
2018-12-27 11:00:00,USB,44.99
2018-12-27 11:00:00,V,128.03
2018-12-27 11:00:00,VLO,73.29
2018-12-27 11:00:00,VRTX,158.19
2018-12-27 11:00:00,VTR,58.25
2018-12-27 11:00:00,VZ,54.16
2018-12-27 11:00:00,WAL,38.45
2018-12-27 11:00:00,WEC,68.61
2018-12-27 11:00:00,WELL,68.13
2018-12-27 11:00:00,WFC,44.74
2018-12-27 11:00:00,WM,86.3
2018-12-27 11:00:00,WMB,20.72
2018-12-27 11:00:00,WMT,89.52
2018-12-27 11:00:00,WRB,71.8
2018-12-27 11:00:00,XEL,49.04
2018-12-27 11:00:00,XOM,67.4
2018-12-27 11:00:00,ZION,39.9
2018-12-27 11:00:00,ZS,38.86
2018-12-27 11:00:00,ZTS,82.67
2018-12-27 12:00:00,AAPL,152.0703
2018-12-27 12:00:00,ABBV,87.83
2018-12-27 12:00:00,ADBE,216.57
2018-12-27 12:00:00,ADI,83.548
2018-12-27 12:00:00,AEP,73.99
2018-12-27 12:00:00,AIG,37.96
2018-12-27 12:00:00,ALL,80.045
2018-12-27 12:00:00,AMAT,30.95
2018-12-27 12:00:00,AMC,11.92
2018-12-27 12:00:00,AMD,16.775
2018-12-27 12:00:00,AMGN,186.2475
2018-12-27 12:00:00,AMP,101.27
2018-12-27 12:00:00,AMT,155.43
2018-12-27 12:00:00,AMZN,1415.25
2018-12-27 12:00:00,APA,26.0399
2018-12-27 12:00:00,ARE,112.15
2018-12-27 12:00:00,ASML,151.31
2018-12-27 12:00:00,AVB,170.02
2018-12-27 12:00:00,AVGO,245.49
2018-12-27 12:00:00,AWK,88.52
2018-12-27 12:00:00,AXP,92.03
2018-12-27 12:00:00,BA,307.52
2018-12-27 12:00:00,BAC,23.6894
2018-12-27 12:00:00,BB,6.935
2018-12-27 12:00:00,BEN,28.7
2018-12-27 12:00:00,BIIB,286.18
2018-12-27 12:00:00,BK,45.89
2018-12-27 12:00:00,BKR,20.725
2018-12-27 12:00:00,BLK,377.04
2018-12-27 12:00:00,BMY,49.111
2018-12-27 12:00:00,C,50.3
2018-12-27 12:00:00,CAG,20.5
2018-12-27 12:00:00,CAT,122.755
2018-12-27 12:00:00,CB,124.85
2018-12-27 12:00:00,CCI,105.75
2018-12-27 12:00:00,CFG,28.88
2018-12-27 12:00:00,CHD,64.92
2018-12-27 12:00:00,CI,186.225
2018-12-27 12:00:00,CINF,74.79
2018-12-27 12:00:00,CL,58.6128
2018-12-27 12:00:00,CLX,150.65
2018-12-27 12:00:00,CMCSA,33.42
2018-12-27 12:00:00,CME,180.66
2018-12-27 12:00:00,CMI,129.315
2018-12-27 12:00:00,COF,72.86
2018-12-27 12:00:00,COP,60.55
2018-12-27 12:00:00,COST,196.21
2018-12-27 12:00:00,CPB,32.69
2018-12-27 12:00:00,CRM,129.48
2018-12-27 12:00:00,CSCO,41.74
2018-12-27 12:00:00,CSX,60.62
2018-12-27 12:00:00,CTRA,22.84
2018-12-27 12:00:00,CVS,63.4355
2018-12-27 12:00:00,CVX,106.69
2018-12-27 12:00:00,D,72.43
2018-12-27 12:00:00,DE,142.66
2018-12-27 12:00:00,DIS,103.73
2018-12-27 12:00:00,DLR,103.09
2018-12-27 12:00:00,DOCU,39.26
2018-12-27 12:00:00,DUK,84.78
2018-12-27 12:00:00,DVN,22.08
2018-12-27 12:00:00,ED,75.89
2018-12-27 12:00:00,EMR,57.94
2018-12-27 12:00:00,EOG,85.82
2018-12-27 12:00:00,EQR,64.63
2018-12-27 12:00:00,EQT,19.15
2018-12-27 12:00:00,ESS,241.3
2018-12-27 12:00:00,ETN,67.39
2018-12-27 12:00:00,EWBC,41.7946
2018-12-27 12:00:00,FANG,89.55
2018-12-27 12:00:00,FDX,156.7037
2018-12-27 12:00:00,FHN,12.75
2018-12-27 12:00:00,FITB,23.045
2018-12-27 12:00:00,GD,151.16
2018-12-27 12:00:00,GE,7.07
2018-12-27 12:00:00,GILD,61.439
2018-12-27 12:00:00,GIS,38.22
2018-12-27 12:00:00,GME,11.78
2018-12-27 12:00:00,GOOGL,1018.4474
2018-12-27 12:00:00,GS,160.18
2018-12-27 12:00:00,HAL,25.6
2018-12-27 12:00:00,HBAN,11.595
2018-12-27 12:00:00,HIG,42.92
2018-12-27 12:00:00,HON,128.503
2018-12-27 12:00:00,HRL,41.85
2018-12-27 12:00:00,HSY,104.63
2018-12-27 12:00:00,HUM,277.25
2018-12-27 12:00:00,IBM,110.47
2018-12-27 12:00:00,ICE,366.4125519955
2018-12-27 12:00:00,INTC,45.22
2018-12-27 12:00:00,ITW,122.78
2018-12-27 12:00:00,IVZ,16.24
2018-12-27 12:00:00,JNJ,124.42
2018-12-27 12:00:00,JPM,94.36
2018-12-27 12:00:00,KEY,14.27
2018-12-27 12:00:00,KHC,42.7614
2018-12-27 12:00:00,KLAC,86.42
2018-12-27 12:00:00,KMB,110.48
2018-12-27 12:00:00,KMI,15.185
2018-12-27 12:00:00,KO,46.75
2018-12-27 12:00:00,LLY,109.61
2018-12-27 12:00:00,LMT,253.43
2018-12-27 12:00:00,LNC,50.1
2018-12-27 12:00:00,LRCX,130.58
2018-12-27 12:00:00,LW,72.15
2018-12-27 12:00:00,MA,182.3025
2018-12-27 12:00:00,MAA,93.75
2018-12-27 12:00:00,MARA,0.0276619635
2018-12-27 12:00:00,MCD,171.9
2018-12-27 12:00:00,MCHP,69.75
2018-12-27 12:00:00,MCO,136.345
2018-12-27 12:00:00,MDB,78.8266
2018-12-27 12:00:00,MDLZ,39.705
2018-12-27 12:00:00,MET,39.97
2018-12-27 12:00:00,META,130.9095
2018-12-27 12:00:00,MKC,137.78
2018-12-27 12:00:00,MMM,186.16
2018-12-27 12:00:00,MO,47.5655
2018-12-27 12:00:00,MPC,57.69
2018-12-27 12:00:00,MRK,73.44
2018-12-27 12:00:00,MRVL,15.37
2018-12-27 12:00:00,MS,38.6
2018-12-27 12:00:00,MSCI,140.97
2018-12-27 12:00:00,MSFT,97.97
2018-12-27 12:00:00,MTB,137.855
2018-12-27 12:00:00,MU,31.09
2018-12-27 12:00:00,NDAQ,78.66
2018-12-27 12:00:00,NEE,169.61
2018-12-27 12:00:00,NFLX,245.2886
2018-12-27 12:00:00,NOC,234.26
2018-12-27 12:00:00,NOK,5.535
2018-12-27 12:00:00,NSC,145.32
2018-12-27 12:00:00,NVDA,127.03
2018-12-27 12:00:00,NXPI,71.21
2018-12-27 12:00:00,O,62.17
2018-12-27 12:00:00,OKTA,58.68
2018-12-27 12:00:00,ON,15.95
2018-12-27 12:00:00,ORCL,43.835
2018-12-27 12:00:00,OXY,59.36
2018-12-27 12:00:00,PANW,178.71
2018-12-27 12:00:00,PEG,50.525
2018-12-27 12:00:00,PEP,107.71
2018-12-27 12:00:00,PFE,41.73
2018-12-27 12:00:00,PFG,42.89
2018-12-27 12:00:00,PG,90.27
2018-12-27 12:00:00,PH,146.04
2018-12-27 12:00:00,PM,65.4456
2018-12-27 12:00:00,PNC,113.16
2018-12-27 12:00:00,PRU,79.3316
2018-12-27 12:00:00,PSA,198.55
2018-12-27 12:00:00,PSX,84.04
2018-12-27 12:00:00,PYPL,81.165
2018-12-27 12:00:00,QCOM,55.43
2018-12-27 12:00:00,REGN,354.77
2018-12-27 12:00:00,RF,13.06
2018-12-27 12:00:00,RIOT,0.1816666667
2018-12-27 12:00:00,ROKU,28.94
2018-12-27 12:00:00,RTX,103.35
2018-12-27 12:00:00,SCHW,40.02
2018-12-27 12:00:00,SHOP,127.32
2018-12-27 12:00:00,SJM,92.67
2018-12-27 12:00:00,SLB,35.48
2018-12-27 12:00:00,SO,43.22
2018-12-27 12:00:00,SPCE,10.0
2018-12-27 12:00:00,SPG,164.1414
2018-12-27 12:00:00,SPGI,164.05
2018-12-27 12:00:00,SPLK,98.54
2018-12-27 12:00:00,SQ,53.184
2018-12-27 12:00:00,STM,13.57
2018-12-27 12:00:00,STT,61.51
2018-12-27 12:00:00,SYY,60.53
2018-12-27 12:00:00,T,27.4349
2018-12-27 12:00:00,TAP,55.16
2018-12-27 12:00:00,TEAM,83.8
2018-12-27 12:00:00,TFC,42.01
2018-12-27 12:00:00,TROW,88.93
2018-12-27 12:00:00,TRV,115.8
2018-12-27 12:00:00,TSLA,306.6599
2018-12-27 12:00:00,TSN,51.72
2018-12-27 12:00:00,TWLO,83.7
2018-12-27 12:00:00,TXN,91.87
2018-12-27 12:00:00,UNH,239.265
2018-12-27 12:00:00,UNP,133.77
2018-12-27 12:00:00,UPS,95.52
2018-12-27 12:00:00,USB,44.69
2018-12-27 12:00:00,V,127.77
2018-12-27 12:00:00,VLO,72.8
2018-12-27 12:00:00,VRTX,158.35
2018-12-27 12:00:00,VTR,58.34
2018-12-27 12:00:00,VZ,53.8273
2018-12-27 12:00:00,WAL,38.08
2018-12-27 12:00:00,WEC,68.4
2018-12-27 12:00:00,WELL,68.04
2018-12-27 12:00:00,WFC,44.4184
2018-12-27 12:00:00,WM,86.36
2018-12-27 12:00:00,WMB,20.72
2018-12-27 12:00:00,WMT,89.23
2018-12-27 12:00:00,WRB,71.61
2018-12-27 12:00:00,XEL,48.9625
2018-12-27 12:00:00,XOM,66.9601
2018-12-27 12:00:00,ZION,39.61
2018-12-27 12:00:00,ZS,38.7
2018-12-27 12:00:00,ZTS,82.31
2018-12-27 13:00:00,AAPL,150.41
2018-12-27 13:00:00,ABBV,87.33
2018-12-27 13:00:00,ADBE,215.2784
2018-12-27 13:00:00,ADI,82.79
2018-12-27 13:00:00,AEP,73.83
2018-12-27 13:00:00,AIG,37.955
2018-12-27 13:00:00,ALL,79.57
2018-12-27 13:00:00,AMAT,30.625
2018-12-27 13:00:00,AMC,11.75
2018-12-27 13:00:00,AMD,16.54
2018-12-27 13:00:00,AMGN,184.75
2018-12-27 13:00:00,AMP,100.48
2018-12-27 13:00:00,AMT,154.95
2018-12-27 13:00:00,AMZN,1396.59
2018-12-27 13:00:00,APA,25.84
2018-12-27 13:00:00,ARE,111.75
2018-12-27 13:00:00,ASML,150.11
2018-12-27 13:00:00,AVB,169.48
2018-12-27 13:00:00,AVGO,243.3
2018-12-27 13:00:00,AWK,87.79
2018-12-27 13:00:00,AXP,91.61
2018-12-27 13:00:00,BA,304.1552
2018-12-27 13:00:00,BAC,23.495
2018-12-27 13:00:00,BB,6.845
2018-12-27 13:00:00,BEN,28.5533
2018-12-27 13:00:00,BIIB,285.255
2018-12-27 13:00:00,BK,45.59
2018-12-27 13:00:00,BKR,20.585
2018-12-27 13:00:00,BLK,374.65
2018-12-27 13:00:00,BMY,49.05
2018-12-27 13:00:00,C,49.9699
2018-12-27 13:00:00,CAG,20.62
2018-12-27 13:00:00,CAT,121.58
2018-12-27 13:00:00,CB,124.12
2018-12-27 13:00:00,CCI,105.19
2018-12-27 13:00:00,CFG,28.66
2018-12-27 13:00:00,CHD,64.35
2018-12-27 13:00:00,CI,185.12
2018-12-27 13:00:00,CINF,74.33
2018-12-27 13:00:00,CL,58.31
2018-12-27 13:00:00,CLX,150.02
2018-12-27 13:00:00,CMCSA,33.218
2018-12-27 13:00:00,CME,179.01
2018-12-27 13:00:00,CMI,128.4745
2018-12-27 13:00:00,COF,72.52
2018-12-27 13:00:00,COP,60.1
2018-12-27 13:00:00,COST,194.78
2018-12-27 13:00:00,CPB,32.59
2018-12-27 13:00:00,CRM,128.615
2018-12-27 13:00:00,CSCO,41.3368
2018-12-27 13:00:00,CSX,59.9698
2018-12-27 13:00:00,CTRA,22.78
2018-12-27 13:00:00,CVS,63.09
2018-12-27 13:00:00,CVX,106.08
2018-12-27 13:00:00,D,72.16
2018-12-27 13:00:00,DE,141.0179
2018-12-27 13:00:00,DIS,103.07
2018-12-27 13:00:00,DLR,103.06
2018-12-27 13:00:00,DOCU,39.16
2018-12-27 13:00:00,DUK,84.6103
2018-12-27 13:00:00,DVN,21.87
2018-12-27 13:00:00,ED,75.6
2018-12-27 13:00:00,EMR,57.71
2018-12-27 13:00:00,EOG,85.29
2018-12-27 13:00:00,EQR,64.32
2018-12-27 13:00:00,EQT,18.93
2018-12-27 13:00:00,ESS,239.86
2018-12-27 13:00:00,ETN,66.78
2018-12-27 13:00:00,EWBC,41.49
2018-12-27 13:00:00,FANG,88.9607
2018-12-27 13:00:00,FDX,155.65
2018-12-27 13:00:00,FHN,12.6
2018-12-27 13:00:00,FITB,22.88
2018-12-27 13:00:00,GD,150.0
2018-12-27 13:00:00,GE,6.99
2018-12-27 13:00:00,GILD,60.83
2018-12-27 13:00:00,GIS,38.085
2018-12-27 13:00:00,GME,11.73
2018-12-27 13:00:00,GOOGL,1011.46
2018-12-27 13:00:00,GS,159.9964
2018-12-27 13:00:00,HAL,25.44
2018-12-27 13:00:00,HBAN,11.485
2018-12-27 13:00:00,HIG,42.5
2018-12-27 13:00:00,HON,127.6233
2018-12-27 13:00:00,HRL,41.52
2018-12-27 13:00:00,HSY,104.07
2018-12-27 13:00:00,HUM,275.275
2018-12-27 13:00:00,IBM,109.8385
2018-12-27 13:00:00,ICE,364.3424245831
2018-12-27 13:00:00,INTC,44.8
2018-12-27 13:00:00,ITW,122.0255
2018-12-27 13:00:00,IVZ,16.14
2018-12-27 13:00:00,JNJ,123.67
2018-12-27 13:00:00,JPM,94.03
2018-12-27 13:00:00,KEY,14.18
2018-12-27 13:00:00,KHC,42.3761
2018-12-27 13:00:00,KLAC,85.56
2018-12-27 13:00:00,KMB,110.26
2018-12-27 13:00:00,KMI,15.03
2018-12-27 13:00:00,KO,46.4
2018-12-27 13:00:00,LLY,109.35
2018-12-27 13:00:00,LMT,251.7286
2018-12-27 13:00:00,LNC,49.68
2018-12-27 13:00:00,LRCX,129.0403
2018-12-27 13:00:00,LW,71.98
2018-12-27 13:00:00,MA,181.07
2018-12-27 13:00:00,MAA,93.1
2018-12-27 13:00:00,MARA,0.0276619635
2018-12-27 13:00:00,MCD,171.39
2018-12-27 13:00:00,MCHP,69.12
2018-12-27 13:00:00,MCO,135.72
2018-12-27 13:00:00,MDB,78.56
2018-12-27 13:00:00,MDLZ,39.37
2018-12-27 13:00:00,MET,39.57
2018-12-27 13:00:00,META,130.35
2018-12-27 13:00:00,MKC,137.33
2018-12-27 13:00:00,MMM,184.17
2018-12-27 13:00:00,MO,47.43
2018-12-27 13:00:00,MPC,57.01
2018-12-27 13:00:00,MRK,73.125
2018-12-27 13:00:00,MRVL,15.28
2018-12-27 13:00:00,MS,38.5
2018-12-27 13:00:00,MSCI,140.14
2018-12-27 13:00:00,MSFT,97.05
2018-12-27 13:00:00,MTB,137.065
2018-12-27 13:00:00,MU,30.815
2018-12-27 13:00:00,NDAQ,78.23
2018-12-27 13:00:00,NEE,169.13
2018-12-27 13:00:00,NFLX,241.283
2018-12-27 13:00:00,NOC,232.84
2018-12-27 13:00:00,NOK,5.495
2018-12-27 13:00:00,NSC,143.83
2018-12-27 13:00:00,NVDA,125.75
2018-12-27 13:00:00,NXPI,70.3493
2018-12-27 13:00:00,O,61.8
2018-12-27 13:00:00,OKTA,58.36
2018-12-27 13:00:00,ON,15.72
2018-12-27 13:00:00,ORCL,43.685
2018-12-27 13:00:00,OXY,58.783
2018-12-27 13:00:00,PANW,177.1123
2018-12-27 13:00:00,PEG,50.31
2018-12-27 13:00:00,PEP,106.79
2018-12-27 13:00:00,PFE,41.455
2018-12-27 13:00:00,PFG,42.49
2018-12-27 13:00:00,PG,89.67
2018-12-27 13:00:00,PH,144.8175
2018-12-27 13:00:00,PM,65.35
2018-12-27 13:00:00,PNC,112.26
2018-12-27 13:00:00,PRU,78.53
2018-12-27 13:00:00,PSA,197.32
2018-12-27 13:00:00,PSX,83.19
2018-12-27 13:00:00,PYPL,80.585
2018-12-27 13:00:00,QCOM,54.9
2018-12-27 13:00:00,REGN,354.0
2018-12-27 13:00:00,RF,12.925
2018-12-27 13:00:00,RIOT,0.1811111111
2018-12-27 13:00:00,ROKU,28.586
2018-12-27 13:00:00,RTX,102.46
2018-12-27 13:00:00,SCHW,39.7131
2018-12-27 13:00:00,SHOP,126.945
2018-12-27 13:00:00,SJM,91.8675
2018-12-27 13:00:00,SLB,35.095
2018-12-27 13:00:00,SO,43.18
2018-12-27 13:00:00,SPG,163.46
2018-12-27 13:00:00,SPGI,163.9782
2018-12-27 13:00:00,SPLK,98.07
2018-12-27 13:00:00,SQ,52.9
2018-12-27 13:00:00,STM,13.41
2018-12-27 13:00:00,STT,61.15
2018-12-27 13:00:00,SYY,60.26
2018-12-27 13:00:00,T,27.3
2018-12-27 13:00:00,TAP,54.9
2018-12-27 13:00:00,TEAM,83.16
2018-12-27 13:00:00,TFC,41.71
2018-12-27 13:00:00,TROW,88.6
2018-12-27 13:00:00,TRV,115.06
2018-12-27 13:00:00,TSLA,303.285
2018-12-27 13:00:00,TSN,51.14
2018-12-27 13:00:00,TWLO,83.0
2018-12-27 13:00:00,TXN,90.94
2018-12-27 13:00:00,UNH,236.444
2018-12-27 13:00:00,UNP,132.85
2018-12-27 13:00:00,UPS,94.58
2018-12-27 13:00:00,USB,44.42
2018-12-27 13:00:00,V,126.98
2018-12-27 13:00:00,VLO,72.11
2018-12-27 13:00:00,VRTX,156.87
2018-12-27 13:00:00,VTR,58.0
2018-12-27 13:00:00,VZ,53.635
2018-12-27 13:00:00,WAL,37.74
2018-12-27 13:00:00,WEC,68.295
2018-12-27 13:00:00,WELL,67.77
2018-12-27 13:00:00,WFC,44.12
2018-12-27 13:00:00,WM,85.83
2018-12-27 13:00:00,WMB,20.485
2018-12-27 13:00:00,WMT,88.87
2018-12-27 13:00:00,WRB,71.16
2018-12-27 13:00:00,XEL,48.8
2018-12-27 13:00:00,XOM,66.53
2018-12-27 13:00:00,ZION,39.44
2018-12-27 13:00:00,ZS,38.23
2018-12-27 13:00:00,ZTS,81.719
2018-12-27 14:00:00,AAPL,152.41
2018-12-27 14:00:00,ABBV,87.7
2018-12-27 14:00:00,ADBE,219.22
2018-12-27 14:00:00,ADI,83.47
2018-12-27 14:00:00,AEP,73.9
2018-12-27 14:00:00,AIG,38.35
2018-12-27 14:00:00,ALL,80.0375
2018-12-27 14:00:00,AMAT,30.945
2018-12-27 14:00:00,AMC,11.8856
2018-12-27 14:00:00,AMD,16.9098
2018-12-27 14:00:00,AMGN,185.85
2018-12-27 14:00:00,AMP,100.67
2018-12-27 14:00:00,AMT,155.26
2018-12-27 14:00:00,AMZN,1419.5
2018-12-27 14:00:00,APA,25.99
2018-12-27 14:00:00,ARE,111.81
2018-12-27 14:00:00,ASML,151.86
2018-12-27 14:00:00,AVB,170.14
2018-12-27 14:00:00,AVGO,245.0
2018-12-27 14:00:00,AWK,88.065
2018-12-27 14:00:00,AXP,92.13
2018-12-27 14:00:00,BA,306.98
2018-12-27 14:00:00,BAC,23.72
2018-12-27 14:00:00,BB,6.93
2018-12-27 14:00:00,BEN,28.78
2018-12-27 14:00:00,BIIB,287.38
2018-12-27 14:00:00,BK,45.73
2018-12-27 14:00:00,BKR,20.89
2018-12-27 14:00:00,BLK,377.79
2018-12-27 14:00:00,BMY,49.29
2018-12-27 14:00:00,C,50.31
2018-12-27 14:00:00,CAG,20.61
2018-12-27 14:00:00,CAT,122.89
2018-12-27 14:00:00,CB,125.28
2018-12-27 14:00:00,CCI,105.23
2018-12-27 14:00:00,CFG,28.8229
2018-12-27 14:00:00,CHD,64.3
2018-12-27 14:00:00,CI,186.54
2018-12-27 14:00:00,CINF,74.77
2018-12-27 14:00:00,CL,58.64
2018-12-27 14:00:00,CLX,150.29
2018-12-27 14:00:00,CMCSA,33.61
2018-12-27 14:00:00,CME,180.6
2018-12-27 14:00:00,CMI,129.425
2018-12-27 14:00:00,COF,72.99
2018-12-27 14:00:00,COP,60.68
2018-12-27 14:00:00,COST,196.4278
2018-12-27 14:00:00,CPB,32.71
2018-12-27 14:00:00,CRM,131.1
2018-12-27 14:00:00,CSCO,41.84
2018-12-27 14:00:00,CSX,60.45
2018-12-27 14:00:00,CTRA,23.15
2018-12-27 14:00:00,CVS,63.61
2018-12-27 14:00:00,CVX,106.77
2018-12-27 14:00:00,D,71.965
2018-12-27 14:00:00,DE,143.56
2018-12-27 14:00:00,DIS,104.1
2018-12-27 14:00:00,DLR,102.95
2018-12-27 14:00:00,DOCU,39.96
2018-12-27 14:00:00,DUK,84.67
2018-12-27 14:00:00,DVN,22.21
2018-12-27 14:00:00,ED,75.6617
2018-12-27 14:00:00,EMR,58.18
2018-12-27 14:00:00,EOG,86.03
2018-12-27 14:00:00,EQR,64.61
2018-12-27 14:00:00,EQT,19.3
2018-12-27 14:00:00,ESS,240.755
2018-12-27 14:00:00,ETN,67.22
2018-12-27 14:00:00,EWBC,41.445
2018-12-27 14:00:00,FANG,89.82
2018-12-27 14:00:00,FDX,157.36
2018-12-27 14:00:00,FHN,12.59
2018-12-27 14:00:00,FITB,22.945
2018-12-27 14:00:00,GD,150.91
2018-12-27 14:00:00,GE,7.0599
2018-12-27 14:00:00,GILD,61.32
2018-12-27 14:00:00,GIS,38.4553
2018-12-27 14:00:00,GME,11.72
2018-12-27 14:00:00,GOOGL,1026.0
2018-12-27 14:00:00,GS,161.46
2018-12-27 14:00:00,HAL,25.6486
2018-12-27 14:00:00,HBAN,11.51
2018-12-27 14:00:00,HIG,42.72
2018-12-27 14:00:00,HON,128.215
2018-12-27 14:00:00,HRL,41.71
2018-12-27 14:00:00,HSY,104.34
2018-12-27 14:00:00,HUM,279.23
2018-12-27 14:00:00,IBM,111.06
2018-12-27 14:00:00,ICE,366.362061083
2018-12-27 14:00:00,INTC,45.29
2018-12-27 14:00:00,ITW,122.51
2018-12-27 14:00:00,IVZ,16.27
2018-12-27 14:00:00,JNJ,124.55
2018-12-27 14:00:00,JPM,94.54
2018-12-27 14:00:00,KEY,14.1963
2018-12-27 14:00:00,KHC,42.8152
2018-12-27 14:00:00,KLAC,86.37
2018-12-27 14:00:00,KMB,110.49
2018-12-27 14:00:00,KMI,15.205
2018-12-27 14:00:00,KO,46.665
2018-12-27 14:00:00,LLY,110.1
2018-12-27 14:00:00,LMT,252.82
2018-12-27 14:00:00,LNC,50.02
2018-12-27 14:00:00,LRCX,130.48
2018-12-27 14:00:00,LW,72.43
2018-12-27 14:00:00,MA,183.3436
2018-12-27 14:00:00,MAA,93.23
2018-12-27 14:00:00,MARA,0.0269526824
2018-12-27 14:00:00,MCD,172.22
2018-12-27 14:00:00,MCHP,69.795
2018-12-27 14:00:00,MCO,136.51
2018-12-27 14:00:00,MDB,80.1
2018-12-27 14:00:00,MDLZ,39.66
2018-12-27 14:00:00,MET,39.92
2018-12-27 14:00:00,META,132.0665
2018-12-27 14:00:00,MKC,137.49
2018-12-27 14:00:00,MMM,185.19
2018-12-27 14:00:00,MO,47.61
2018-12-27 14:00:00,MPC,57.75
2018-12-27 14:00:00,MRK,73.715
2018-12-27 14:00:00,MRVL,15.39
2018-12-27 14:00:00,MS,38.7481
2018-12-27 14:00:00,MSCI,141.83
2018-12-27 14:00:00,MSFT,98.26
2018-12-27 14:00:00,MTB,137.24
2018-12-27 14:00:00,MU,31.29
2018-12-27 14:00:00,NDAQ,78.7
2018-12-27 14:00:00,NEE,169.36
2018-12-27 14:00:00,NFLX,246.702
2018-12-27 14:00:00,NOC,233.69
2018-12-27 14:00:00,NOK,5.545
2018-12-27 14:00:00,NSC,144.89
2018-12-27 14:00:00,NVDA,127.7089
2018-12-27 14:00:00,NXPI,71.06
2018-12-27 14:00:00,O,61.94
2018-12-27 14:00:00,OKTA,59.26
2018-12-27 14:00:00,ON,15.87
2018-12-27 14:00:00,ORCL,44.01
2018-12-27 14:00:00,OXY,59.27
2018-12-27 14:00:00,PANW,178.41
2018-12-27 14:00:00,PEG,50.43
2018-12-27 14:00:00,PEP,107.14
2018-12-27 14:00:00,PFE,41.83
2018-12-27 14:00:00,PFG,42.84
2018-12-27 14:00:00,PG,90.08
2018-12-27 14:00:00,PH,145.81
2018-12-27 14:00:00,PM,64.92
2018-12-27 14:00:00,PNC,112.76
2018-12-27 14:00:00,PRU,79.14
2018-12-27 14:00:00,PSA,197.92
2018-12-27 14:00:00,PSX,83.88
2018-12-27 14:00:00,PYPL,81.99
2018-12-27 14:00:00,QCOM,55.48
2018-12-27 14:00:00,REGN,356.99
2018-12-27 14:00:00,RF,12.965
2018-12-27 14:00:00,RIOT,0.1822222222
2018-12-27 14:00:00,ROKU,29.2617
2018-12-27 14:00:00,RTX,102.84
2018-12-27 14:00:00,SCHW,39.96
2018-12-27 14:00:00,SHOP,129.07
2018-12-27 14:00:00,SJM,92.27
2018-12-27 14:00:00,SLB,35.7
2018-12-27 14:00:00,SO,43.29
2018-12-27 14:00:00,SPCE,10.0
2018-12-27 14:00:00,SPG,163.655
2018-12-27 14:00:00,SPGI,165.14
2018-12-27 14:00:00,SPLK,99.28
2018-12-27 14:00:00,SQ,54.18
2018-12-27 14:00:00,STM,13.53
2018-12-27 14:00:00,STT,61.69
2018-12-27 14:00:00,SYY,60.6043
2018-12-27 14:00:00,T,27.5038
2018-12-27 14:00:00,TAP,55.37
2018-12-27 14:00:00,TEAM,85.2056
2018-12-27 14:00:00,TFC,41.8
2018-12-27 14:00:00,TROW,89.2
2018-12-27 14:00:00,TRV,115.92
2018-12-27 14:00:00,TSLA,308.15
2018-12-27 14:00:00,TSN,51.4361
2018-12-27 14:00:00,TWLO,85.23
2018-12-27 14:00:00,TXN,91.73
2018-12-27 14:00:00,UNH,238.85
2018-12-27 14:00:00,UNP,133.51
2018-12-27 14:00:00,UPS,95.435
2018-12-27 14:00:00,USB,44.525
2018-12-27 14:00:00,V,128.08
2018-12-27 14:00:00,VLO,72.81
2018-12-27 14:00:00,VRTX,159.2
2018-12-27 14:00:00,VTR,57.895
2018-12-27 14:00:00,VZ,53.85
2018-12-27 14:00:00,WAL,37.715
2018-12-27 14:00:00,WEC,68.22
2018-12-27 14:00:00,WELL,67.78
2018-12-27 14:00:00,WFC,44.2652
2018-12-27 14:00:00,WM,86.24
2018-12-27 14:00:00,WMB,20.87
2018-12-27 14:00:00,WMT,89.68
2018-12-27 14:00:00,WRB,71.25
2018-12-27 14:00:00,XEL,48.895
2018-12-27 14:00:00,XOM,67.02
2018-12-27 14:00:00,ZION,39.5
2018-12-27 14:00:00,ZS,38.99
2018-12-27 14:00:00,ZTS,82.35
2018-12-27 15:00:00,AAPL,156.53
2018-12-27 15:00:00,ABBV,89.89
2018-12-27 15:00:00,ADBE,225.14
2018-12-27 15:00:00,ADI,85.43
2018-12-27 15:00:00,AEP,75.02
2018-12-27 15:00:00,AIG,39.33
2018-12-27 15:00:00,ALL,81.81
2018-12-27 15:00:00,AMAT,31.56
2018-12-27 15:00:00,AMC,12.1901
2018-12-27 15:00:00,AMD,17.49
2018-12-27 15:00:00,AMGN,190.41
2018-12-27 15:00:00,AMP,104.09
2018-12-27 15:00:00,AMT,158.62
2018-12-27 15:00:00,AMZN,1463.68
2018-12-27 15:00:00,APA,26.73
2018-12-27 15:00:00,ARE,114.54
2018-12-27 15:00:00,ASML,154.41
2018-12-27 15:00:00,AVB,173.4
2018-12-27 15:00:00,AVGO,250.85
2018-12-27 15:00:00,AWK,89.41
2018-12-27 15:00:00,AXP,94.67
2018-12-27 15:00:00,BA,316.93
2018-12-27 15:00:00,BAC,24.35
2018-12-27 15:00:00,BB,7.05
2018-12-27 15:00:00,BEN,29.24
2018-12-27 15:00:00,BIIB,294.41
2018-12-27 15:00:00,BK,46.82
2018-12-27 15:00:00,BKR,21.49
2018-12-27 15:00:00,BLK,387.96
2018-12-27 15:00:00,BMY,50.39
2018-12-27 15:00:00,C,51.72
2018-12-27 15:00:00,CAG,21.23
2018-12-27 15:00:00,CAT,126.62
2018-12-27 15:00:00,CB,128.17
2018-12-27 15:00:00,CCI,107.83
2018-12-27 15:00:00,CFG,29.59
2018-12-27 15:00:00,CHD,65.71
2018-12-27 15:00:00,CI,192.52
2018-12-27 15:00:00,CINF,76.6
2018-12-27 15:00:00,CL,59.67
2018-12-27 15:00:00,CLX,153.2
2018-12-27 15:00:00,CMCSA,34.4758
2018-12-27 15:00:00,CME,184.53
2018-12-27 15:00:00,CMI,132.58
2018-12-27 15:00:00,COF,74.97
2018-12-27 15:00:00,COP,62.23
2018-12-27 15:00:00,COST,201.11
2018-12-27 15:00:00,CPB,33.49
2018-12-27 15:00:00,CRM,135.13
2018-12-27 15:00:00,CSCO,42.93
2018-12-27 15:00:00,CSX,62.1
2018-12-27 15:00:00,CTRA,23.76
2018-12-27 15:00:00,CVS,65.22
2018-12-27 15:00:00,CVX,109.29
2018-12-27 15:00:00,D,73.23
2018-12-27 15:00:00,DE,146.64
2018-12-27 15:00:00,DIS,106.475
2018-12-27 15:00:00,DLR,104.79
2018-12-27 15:00:00,DOCU,40.9833
2018-12-27 15:00:00,DUK,85.94
2018-12-27 15:00:00,DVN,22.9
2018-12-27 15:00:00,ED,76.82
2018-12-27 15:00:00,EMR,59.31
2018-12-27 15:00:00,EOG,88.76
2018-12-27 15:00:00,EQR,66.06
2018-12-27 15:00:00,EQT,19.83
2018-12-27 15:00:00,ESS,245.75
2018-12-27 15:00:00,ETN,68.72
2018-12-27 15:00:00,EWBC,42.68
2018-12-27 15:00:00,FANG,92.93
2018-12-27 15:00:00,FDX,160.94
2018-12-27 15:00:00,FHN,12.91
2018-12-27 15:00:00,FITB,23.56
2018-12-27 15:00:00,GD,155.1
2018-12-27 15:00:00,GE,7.27
2018-12-27 15:00:00,GILD,62.99
2018-12-27 15:00:00,GIS,39.03
2018-12-27 15:00:00,GME,12.18
2018-12-27 15:00:00,GOOGL,1053.3
2018-12-27 15:00:00,GS,165.36
2018-12-27 15:00:00,HAL,26.36
2018-12-27 15:00:00,HBAN,11.81
2018-12-27 15:00:00,HIG,43.87
2018-12-27 15:00:00,HON,131.63
2018-12-27 15:00:00,HRL,42.55
2018-12-27 15:00:00,HSY,106.14
2018-12-27 15:00:00,HUM,284.43
2018-12-27 15:00:00,IBM,113.7728
2018-12-27 15:00:00,ICE,374.8950252951
2018-12-27 15:00:00,INTC,46.37
2018-12-27 15:00:00,ITW,125.93
2018-12-27 15:00:00,IVZ,16.71
2018-12-27 15:00:00,JNJ,127.36
2018-12-27 15:00:00,JPM,97.08
2018-12-27 15:00:00,KEY,14.63
2018-12-27 15:00:00,KHC,43.78
2018-12-27 15:00:00,KLAC,88.4
2018-12-27 15:00:00,KMB,112.88
2018-12-27 15:00:00,KMI,15.52
2018-12-27 15:00:00,KO,47.55
2018-12-27 15:00:00,LLY,112.87
2018-12-27 15:00:00,LMT,259.75
2018-12-27 15:00:00,LNC,51.21
2018-12-27 15:00:00,LRCX,133.29
2018-12-27 15:00:00,LW,73.74
2018-12-27 15:00:00,MA,188.59
2018-12-27 15:00:00,MAA,95.44
2018-12-27 15:00:00,MARA,0.0280166041
2018-12-27 15:00:00,MCD,175.69
2018-12-27 15:00:00,MCHP,71.54
2018-12-27 15:00:00,MCO,139.95
2018-12-27 15:00:00,MDB,82.29
2018-12-27 15:00:00,MDLZ,40.24
2018-12-27 15:00:00,MET,40.95
2018-12-27 15:00:00,META,134.56
2018-12-27 15:00:00,MKC,140.1
2018-12-27 15:00:00,MMM,190.63
2018-12-27 15:00:00,MO,48.7
2018-12-27 15:00:00,MPC,59.1
2018-12-27 15:00:00,MRK,75.36
2018-12-27 15:00:00,MRVL,15.7
2018-12-27 15:00:00,MS,39.67
2018-12-27 15:00:00,MSCI,145.25
2018-12-27 15:00:00,MSFT,101.175
2018-12-27 15:00:00,MTB,140.64
2018-12-27 15:00:00,MU,31.94
2018-12-27 15:00:00,NDAQ,80.7
2018-12-27 15:00:00,NEE,172.0
2018-12-27 15:00:00,NFLX,255.57
2018-12-27 15:00:00,NOC,239.57
2018-12-27 15:00:00,NOK,5.63
2018-12-27 15:00:00,NSC,148.91
2018-12-27 15:00:00,NVDA,131.61
2018-12-27 15:00:00,NXPI,72.99
2018-12-27 15:00:00,O,63.32
2018-12-27 15:00:00,OKTA,61.42
2018-12-27 15:00:00,ON,16.17
2018-12-27 15:00:00,ORCL,44.98
2018-12-27 15:00:00,OXY,60.74
2018-12-27 15:00:00,PANW,182.28
2018-12-27 15:00:00,PEG,51.42
2018-12-27 15:00:00,PEP,109.44
2018-12-27 15:00:00,PFE,42.85
2018-12-27 15:00:00,PFG,43.98
2018-12-27 15:00:00,PG,92.02
2018-12-27 15:00:00,PH,149.95
2018-12-27 15:00:00,PM,66.67
2018-12-27 15:00:00,PNC,115.71
2018-12-27 15:00:00,PRU,81.39
2018-12-27 15:00:00,PSA,201.77
2018-12-27 15:00:00,PSX,85.86
2018-12-27 15:00:00,PYPL,84.36
2018-12-27 15:00:00,QCOM,56.11
2018-12-27 15:00:00,REGN,364.87
2018-12-27 15:00:00,RF,13.36
2018-12-27 15:00:00,RIOT,0.18
2018-12-27 15:00:00,ROKU,30.4803
2018-12-27 15:00:00,RTX,105.72
2018-12-27 15:00:00,SCHW,41.06
2018-12-27 15:00:00,SHOP,132.4
2018-12-27 15:00:00,SJM,94.38
2018-12-27 15:00:00,SLB,36.46
2018-12-27 15:00:00,SO,43.92
2018-12-27 15:00:00,SPCE,10.0
2018-12-27 15:00:00,SPG,167.34
2018-12-27 15:00:00,SPGI,169.17
2018-12-27 15:00:00,SPLK,102.8
2018-12-27 15:00:00,SQ,56.14
2018-12-27 15:00:00,STM,13.73
2018-12-27 15:00:00,STT,63.21
2018-12-27 15:00:00,SYY,62.04
2018-12-27 15:00:00,T,28.14
2018-12-27 15:00:00,TAP,56.56
2018-12-27 15:00:00,TEAM,87.57
2018-12-27 15:00:00,TFC,42.97
2018-12-27 15:00:00,TROW,91.37
2018-12-27 15:00:00,TRV,118.66
2018-12-27 15:00:00,TSLA,316.13
2018-12-27 15:00:00,TSN,52.49
2018-12-27 15:00:00,TWLO,87.4
2018-12-27 15:00:00,TXN,93.88
2018-12-27 15:00:00,UNH,245.88
2018-12-27 15:00:00,UNP,137.11
2018-12-27 15:00:00,UPS,97.76
2018-12-27 15:00:00,USB,45.65
2018-12-27 15:00:00,V,131.99
2018-12-27 15:00:00,VLO,74.6
2018-12-27 15:00:00,VRTX,162.56
2018-12-27 15:00:00,VTR,59.21
2018-12-27 15:00:00,VZ,55.17
2018-12-27 15:00:00,WAL,38.95
2018-12-27 15:00:00,WEC,69.12
2018-12-27 15:00:00,WELL,69.26
2018-12-27 15:00:00,WFC,45.5247
2018-12-27 15:00:00,WM,88.1
2018-12-27 15:00:00,WMB,21.46
2018-12-27 15:00:00,WMT,91.61
2018-12-27 15:00:00,WRB,72.92
2018-12-27 15:00:00,XEL,49.62
2018-12-27 15:00:00,XOM,68.93
2018-12-27 15:00:00,ZION,40.46
2018-12-27 15:00:00,ZS,40.14
2018-12-27 15:00:00,ZTS,84.32
2018-12-27 16:00:00,AAPL,156.07
2018-12-27 16:00:00,ABBV,89.91
2018-12-27 16:00:00,ADBE,225.62
2018-12-27 16:00:00,ADI,85.36
2018-12-27 16:00:00,AEP,75.04
2018-12-27 16:00:00,AIG,39.32
2018-12-27 16:00:00,ALL,81.81
2018-12-27 16:00:00,AMAT,31.68
2018-12-27 16:00:00,AMC,12.2
2018-12-27 16:00:00,AMD,17.5
2018-12-27 16:00:00,AMGN,190.33
2018-12-27 16:00:00,AMP,104.08
2018-12-27 16:00:00,AMT,158.6
2018-12-27 16:00:00,AMZN,1460.09
2018-12-27 16:00:00,APA,26.74
2018-12-27 16:00:00,ARE,114.49
2018-12-27 16:00:00,ASML,154.39
2018-12-27 16:00:00,AVB,173.41
2018-12-27 16:00:00,AVGO,251.55
2018-12-27 16:00:00,AWK,89.41
2018-12-27 16:00:00,AXP,94.68
2018-12-27 16:00:00,BA,316.92
2018-12-27 16:00:00,BAC,24.37
2018-12-27 16:00:00,BB,7.08
2018-12-27 16:00:00,BEN,29.24
2018-12-27 16:00:00,BIIB,294.41
2018-12-27 16:00:00,BK,46.82
2018-12-27 16:00:00,BKR,21.48
2018-12-27 16:00:00,BLK,387.8
2018-12-27 16:00:00,BMY,50.35
2018-12-27 16:00:00,C,51.55
2018-12-27 16:00:00,CAG,21.22
2018-12-27 16:00:00,CAT,126.64
2018-12-27 16:00:00,CB,128.18
2018-12-27 16:00:00,CCI,107.88
2018-12-27 16:00:00,CFG,29.58
2018-12-27 16:00:00,CHD,65.71
2018-12-27 16:00:00,CI,192.79
2018-12-27 16:00:00,CINF,76.54
2018-12-27 16:00:00,CL,59.69
2018-12-27 16:00:00,CLX,153.18
2018-12-27 16:00:00,CMCSA,34.56
2018-12-27 16:00:00,CME,184.32
2018-12-27 16:00:00,CMI,132.58
2018-12-27 16:00:00,COF,74.99
2018-12-27 16:00:00,COP,62.23
2018-12-27 16:00:00,COST,201.49
2018-12-27 16:00:00,CPB,33.5
2018-12-27 16:00:00,CRM,135.12
2018-12-27 16:00:00,CSCO,43.05
2018-12-27 16:00:00,CSX,62.06
2018-12-27 16:00:00,CTRA,23.77
2018-12-27 16:00:00,CVS,65.24
2018-12-27 16:00:00,CVX,109.32
2018-12-27 16:00:00,D,73.25
2018-12-27 16:00:00,DE,146.72
2018-12-27 16:00:00,DIS,106.52
2018-12-27 16:00:00,DLR,104.81
2018-12-27 16:00:00,DOCU,41.0
2018-12-27 16:00:00,DUK,85.96
2018-12-27 16:00:00,DVN,22.9
2018-12-27 16:00:00,ED,76.83
2018-12-27 16:00:00,EMR,59.33
2018-12-27 16:00:00,EOG,88.79
2018-12-27 16:00:00,EQR,66.06
2018-12-27 16:00:00,EQT,19.83
2018-12-27 16:00:00,ESS,245.71
2018-12-27 16:00:00,ETN,68.73
2018-12-27 16:00:00,EWBC,42.67
2018-12-27 16:00:00,FANG,92.88
2018-12-27 16:00:00,FDX,161.02
2018-12-27 16:00:00,FHN,12.91
2018-12-27 16:00:00,FITB,23.54
2018-12-27 16:00:00,GD,155.12
2018-12-27 16:00:00,GE,7.24
2018-12-27 16:00:00,GILD,63.0
2018-12-27 16:00:00,GIS,39.0
2018-12-27 16:00:00,GME,12.18
2018-12-27 16:00:00,GOOGL,1052.5
2018-12-27 16:00:00,GS,165.36
2018-12-27 16:00:00,HAL,26.36
2018-12-27 16:00:00,HBAN,11.81
2018-12-27 16:00:00,HIG,43.87
2018-12-27 16:00:00,HON,131.57
2018-12-27 16:00:00,HRL,42.56
2018-12-27 16:00:00,HSY,106.13
2018-12-27 16:00:00,HUM,284.43
2018-12-27 16:00:00,IBM,113.78
2018-12-27 16:00:00,ICE,374.8950252951
2018-12-27 16:00:00,INTC,46.6393
2018-12-27 16:00:00,ITW,125.94
2018-12-27 16:00:00,IVZ,16.71
2018-12-27 16:00:00,JNJ,127.41
2018-12-27 16:00:00,JPM,97.08
2018-12-27 16:00:00,KEY,14.62
2018-12-27 16:00:00,KHC,43.88
2018-12-27 16:00:00,KLAC,88.3
2018-12-27 16:00:00,KMB,112.87
2018-12-27 16:00:00,KMI,15.5199
2018-12-27 16:00:00,KO,47.53
2018-12-27 16:00:00,LLY,112.87
2018-12-27 16:00:00,LNC,51.2
2018-12-27 16:00:00,LRCX,133.28
2018-12-27 16:00:00,LW,73.73
2018-12-27 16:00:00,MA,184.4073
2018-12-27 16:00:00,MAA,95.48
2018-12-27 16:00:00,MARA,0.0275201073
2018-12-27 16:00:00,MCD,175.73
2018-12-27 16:00:00,MCHP,71.49
2018-12-27 16:00:00,MCO,139.95
2018-12-27 16:00:00,MDB,82.29
2018-12-27 16:00:00,MDLZ,40.23
2018-12-27 16:00:00,MET,40.95
2018-12-27 16:00:00,META,134.5
2018-12-27 16:00:00,MKC,140.04
2018-12-27 16:00:00,MMM,190.7
2018-12-27 16:00:00,MO,48.7
2018-12-27 16:00:00,MPC,59.1
2018-12-27 16:00:00,MRK,75.24
2018-12-27 16:00:00,MRVL,15.7
2018-12-27 16:00:00,MS,39.77
2018-12-27 16:00:00,MSCI,145.27
2018-12-27 16:00:00,MSFT,101.12
2018-12-27 16:00:00,MTB,140.65
2018-12-27 16:00:00,MU,31.95
2018-12-27 16:00:00,NDAQ,80.69
2018-12-27 16:00:00,NEE,172.16
2018-12-27 16:00:00,NFLX,255.27
2018-12-27 16:00:00,NOC,239.57
2018-12-27 16:00:00,NOK,5.62
2018-12-27 16:00:00,NSC,148.91
2018-12-27 16:00:00,NVDA,131.27
2018-12-27 16:00:00,NXPI,73.01
2018-12-27 16:00:00,O,63.31
2018-12-27 16:00:00,OKTA,61.41
2018-12-27 16:00:00,ON,16.19
2018-12-27 16:00:00,ORCL,44.97
2018-12-27 16:00:00,OXY,60.76
2018-12-27 16:00:00,PEG,51.43
2018-12-27 16:00:00,PEP,109.54
2018-12-27 16:00:00,PFE,42.85
2018-12-27 16:00:00,PFG,43.94
2018-12-27 16:00:00,PG,92.02
2018-12-27 16:00:00,PH,149.96
2018-12-27 16:00:00,PM,66.68
2018-12-27 16:00:00,PNC,115.75
2018-12-27 16:00:00,PRU,81.4
2018-12-27 16:00:00,PSA,201.71
2018-12-27 16:00:00,PSX,85.82
2018-12-27 16:00:00,PYPL,84.45
2018-12-27 16:00:00,QCOM,56.42
2018-12-27 16:00:00,REGN,364.79
2018-12-27 16:00:00,RF,13.36
2018-12-27 16:00:00,RIOT,0.1822222222
2018-12-27 16:00:00,ROKU,30.25
2018-12-27 16:00:00,RTX,105.76
2018-12-27 16:00:00,SCHW,41.06
2018-12-27 16:00:00,SHOP,132.26
2018-12-27 16:00:00,SJM,94.39
2018-12-27 16:00:00,SLB,36.33
2018-12-27 16:00:00,SO,43.88
2018-12-27 16:00:00,SPG,167.33
2018-12-27 16:00:00,SPGI,169.14
2018-12-27 16:00:00,SPLK,102.74
2018-12-27 16:00:00,SQ,56.15
2018-12-27 16:00:00,STM,13.45
2018-12-27 16:00:00,STT,63.22
2018-12-27 16:00:00,SYY,62.05
2018-12-27 16:00:00,T,28.11
2018-12-27 16:00:00,TAP,56.54
2018-12-27 16:00:00,TEAM,87.57
2018-12-27 16:00:00,TFC,42.98
2018-12-27 16:00:00,TROW,91.31
2018-12-27 16:00:00,TRV,118.67
2018-12-27 16:00:00,TSLA,315.3501
2018-12-27 16:00:00,TSN,52.49
2018-12-27 16:00:00,TWLO,87.47
2018-12-27 16:00:00,TXN,93.81
2018-12-27 16:00:00,UNH,245.97
2018-12-27 16:00:00,UNP,137.14
2018-12-27 16:00:00,UPS,97.78
2018-12-27 16:00:00,USB,45.65
2018-12-27 16:00:00,V,131.97
2018-12-27 16:00:00,VLO,74.63
2018-12-27 16:00:00,VRTX,162.37
2018-12-27 16:00:00,VTR,59.19
2018-12-27 16:00:00,VZ,55.16
2018-12-27 16:00:00,WAL,38.94
2018-12-27 16:00:00,WEC,69.18
2018-12-27 16:00:00,WELL,69.27
2018-12-27 16:00:00,WFC,45.52
2018-12-27 16:00:00,WM,88.1
2018-12-27 16:00:00,WMB,21.46
2018-12-27 16:00:00,WMT,91.59
2018-12-27 16:00:00,WRB,72.92
2018-12-27 16:00:00,XEL,49.71
2018-12-27 16:00:00,XOM,68.94
2018-12-27 16:00:00,ZION,40.51
2018-12-27 16:00:00,ZS,40.17
2018-12-27 21:00:00,QQQ,153.0500030518
2018-12-27 21:00:00,SPY,248.0700073242
